2.634833     0.068390    -11.863337   0.370826    50461.95515    50462.47714
2.771581     0.068425    -11.595182   0.119313    50461.95515    50462.47714
2.908362     0.068433    -11.726839   0.093116    50461.95515    50462.47714
3.045332     0.068407    -11.599018   0.071985    50461.95515    50462.47714
3.182161     0.068408    -11.650115   0.077654    50461.95515    50462.47714
3.318980     0.068419    -11.570941   0.050034    50461.95515    50462.47714
3.455776     0.068415    -11.522469   0.052167    50461.95515    50462.47714
3.592624     0.068431    -11.474329   0.054574    50461.95515    50462.47714
3.729489     0.068434    -11.412927   0.063447    50461.95515    50462.47714
3.866236     0.068430    -11.415539   0.094117    50461.95515    50462.47714
4.003226     0.068414    -11.255986   0.134622    50461.95515    50462.47714
2.742355     0.065673    -11.627917   0.177534    50463.89247    50464.4327
2.873747     0.065639    -11.590307   0.088625    50463.89247    50464.4327
3.005005     0.065658    -11.652746   0.077283    50463.89247    50464.4327
3.136377     0.065639    -11.642187   0.078132    50463.89247    50464.4327
3.267633     0.065649    -11.562001   0.045187    50463.89247    50464.4327
3.398950     0.065650    -11.512426   0.048074    50463.89247    50464.4327
3.530257     0.065656    -11.533163   0.053582    50463.89247    50464.4327
3.661481     0.065659    -11.424850   0.053914    50463.89247    50464.4327
3.792930     0.065625    -11.386207   0.068093    50463.89247    50464.4327
3.924045     0.065661    -11.345435   0.109814    50463.89247    50464.4327
4.055408     0.065648    -11.309493   0.165210    50463.89247    50464.4327
2.875904     0.062208    -11.543163   0.117864    50469.85466    50470.17368
3.000364     0.062210    -11.692645   0.118143    50469.85466    50470.17368
3.124675     0.062224    -11.590148   0.119210    50469.85466    50470.17368
3.249108     0.062221    -11.561907   0.064768    50469.85466    50470.17368
3.373565     0.062219    -11.523937   0.069282    50469.85466    50470.17368
3.497991     0.062220    -11.491066   0.070350    50469.85466    50470.17368
3.622587     0.062182    -11.488904   0.078310    50469.85466    50470.17368
3.746883     0.062221    -11.388491   0.087937    50469.85466    50470.17368
3.871339     0.062209    -11.336558   0.118418    50469.85466    50470.17368
3.995673     0.062229    -11.514977   0.288198    50469.85466    50470.17368
2.742355     0.065673    -11.664474   0.149438    50471.42884    50471.96743
2.873747     0.065639    -11.889720   0.111503    50471.42884    50471.96743
3.005005     0.065658    -11.582625   0.061555    50471.42884    50471.96743
3.136377     0.065639    -11.533469   0.058621    50471.42884    50471.96743
3.267633     0.065649    -11.548336   0.043756    50471.42884    50471.96743
3.398950     0.065650    -11.522255   0.048009    50471.42884    50471.96743
3.530257     0.065656    -11.501961   0.050593    50471.42884    50471.96743
3.661481     0.065659    -11.466130   0.055892    50471.42884    50471.96743
3.792930     0.065625    -11.372545   0.065652    50471.42884    50471.96743
3.924045     0.065661    -11.377122   0.110301    50471.42884    50471.96743
4.055408     0.065648    -11.327342   0.166846    50471.42884    50471.96743
4.477127     0.000000    -11.040378   0.073896    53340.5    55469.5
4.845206     0.000000    -10.852709   0.073896    53340.5    55469.5
4.477127     0.000000    -11.051976   0.044229    53340.5    56535.5
4.845206     0.000000    -10.801752   0.044229    53340.5    56535.5
4.800957     0.000000    -10.842395   0.062469    52671.5    54557.5
4.451542     0.000000    -10.920546   0.039591    52671.5    54557.5
4.676112     0.000000    -10.911726   0.026120    53396.425781    56501.425781
4.458221     0.000000    -11.028678   0.064333    53430.0    55256.0
4.437538     0.000000    -11.129419   0.321370    53340.5    54525.5
4.676112     0.000000    -10.839332   0.293874    53340.5    54525.5
4.326582     0.000000    -10.842934   0.045070    53340.5    54525.5
4.588057     0.000000    -10.934719   0.035159    53340.5    54525.5
3.866236     0.000000    -11.283177   0.004841    54852.728148    54853.02022
3.866236     0.000000    -11.238004   0.003689    55579.701898    55581.151435
3.477127     0.000000    -11.370761   0.002847    54852.728148    54853.02022
3.477127     0.000000    -11.340839   0.002003    55579.701898    55581.151435
3.146108     0.000000    -11.429030   0.001998    54852.728148    54853.02022
3.146108     0.000000    -11.400168   0.001461    55579.701898    55581.151435
2.845206     0.000000    -11.571627   0.002148    54852.728148    54853.02022
2.845206     0.000000    -11.560603   0.001830    55579.701898    55581.151435
2.477127     0.000000    -11.719895   0.002740    54852.728148    54853.02022
2.477127     0.000000    -11.666678   0.002582    55579.701898    55581.151435
3.690267     0.000000    -11.147532   0.122810    53198.599491    53198.635382
3.690267     0.000000    -10.892370   0.135585    52267.887743    52267.927465
2.799249     0.000000    -11.518547   0.068037    53198.599491    53198.635382
2.799249     0.000000    -11.382131   0.075635    52267.887743    52267.927465
3.190349     0.000000    -11.366975   0.062119    53198.599491    53198.635382
3.190349     0.000000    -11.165277   0.055749    52267.887743    52267.927465
3.000364     0.000000    -11.663498   0.028701    48990.467465    48990.0
3.000364     0.000000    -11.687285   0.019807    48989.602037    48989.0
3.000364     0.000000    -11.585052   0.007086    48623.936759    48823.030289
3.000364     0.000000    -11.703900   0.019369    48989.287546    48989.30544
3.000364     0.000000    -11.718665   0.013772    48989.672824    48989.764213
3.000364     0.000000    -11.701487   0.013237    48991.664676    48991.756042
3.000364     0.000000    -11.686123   0.012777    48992.65978    48992.75191
3.000364     0.000000    -11.681502   0.016092    48991.46184    48991.550255
3.000364     0.000000    -11.664602   0.017691    48991.863588    48991.891285
3.000364     0.000000    -11.662397   0.013198    48992.53015    48992.615833
3.000364     0.000000    -11.680355   0.016050    49000.036748    49000.061632
3.000364     0.000000    -11.702692   0.013274    48989.869606    48989.966667
3.000364     0.000000    -11.691968   0.011772    48991.926667    48992.025822
3.000364     0.000000    -11.680355   0.012608    48990.669097    48990.760127
3.000364     0.000000    -11.653689   0.011857    48984.02353    48984.124745
3.000364     0.000000    -11.686123   0.012777    48990.86588    48990.962755
3.000364     0.000000    -11.638858   0.011459    48996.047535    48996.60044
3.000364     0.000000    -11.669045   0.016755    48993.055718    48993.088542
3.000364     0.000000    -11.701487   0.012033    48989.004294    48989.105521
3.000364     0.000000    -11.680355   0.011462    48999.040718    48999.13485
3.000364     0.000000    -11.689620   0.011709    48986.015938    48986.11765
3.000364     0.000000    -11.646210   0.011655    48993.985613    48994.084815
3.000364     0.000000    -11.699088   0.016758    48991.063322    48991.097141
3.000364     0.000000    -11.702692   0.013274    48983.160938    48983.26147
3.000364     0.000000    -11.684963   0.017381    48990.138993    48990.168924
3.000364     0.000000    -11.667930   0.012253    48998.039931    48998.523472
3.000364     0.000000    -11.661299   0.012067    48992.856678    48992.95419
3.000364     0.000000    -11.708766   0.017136    48987.153345    48987.180324
3.000364     0.000000    -11.620505   0.010985    48995.052569    48995.14985
3.000364     0.000000    -11.659111   0.012006    48997.042164    48997.141968
3.000364     0.000000    -11.693146   0.011804    48990.002836    48990.101412
3.000364     0.000000    -11.691968   0.011772    48985.085613    48985.187766
3.000364     0.000000    -11.588748   0.010210    48624.934769    48625.164444
3.000364     0.000000    -10.916863   0.017980    48104.0    48499.0
3.000364     0.000000    -10.941561   0.026611    47892.5    48257.5
3.000364     0.000000    -11.612418   0.092818    43813.5    44695.5
3.000364     0.000000    -11.630115   0.024969    43813.5    44695.5
3.000364     0.000000    -11.781141   0.008520    43813.5    44695.5
3.000364     0.000000    -11.806024   0.009292    43813.5    44695.5
2.499983     0.000000    -11.784850   0.035097    45754.042969    45754.042969
3.650375     0.000000    -11.251882   0.002119    53748.027789    56151.318507
3.150448     0.000000    -11.356317   0.001942    53748.027789    56151.318507
3.238556     0.000000    -11.399687   0.001171    53748.027789    56151.318507
2.738765     0.000000    -11.592011   0.002119    53748.027789    56151.318507
3.650375     0.000000    -11.298516   0.044425    55773.30603    55773.318009
3.650375     0.000000    -11.274887   0.041888    55741.598576    55741.611748
3.650375     0.000000    -11.629714   0.079583    55293.356644    55293.368715
3.650375     0.000000    -11.324208   0.045583    55739.456736    55739.470093
3.650375     0.000000    -11.380925   0.054162    55743.604757    55743.615926
3.650375     0.000000    -11.317310   0.046627    55237.939942    55237.952049
3.650375     0.000000    -11.579795   0.066805    55761.867546    55761.87706
3.650375     0.000000    -11.324806   0.052522    55782.285266    55782.297164
3.650375     0.000000    -11.280354   0.015608    54289.477269    54290.952731
3.650375     0.000000    -11.134234   0.030208    54119.222743    54119.240914
3.650375     0.000000    -11.276665   0.042298    55300.647836    55300.718704
3.650375     0.000000    -11.277324   0.050828    55607.870231    55607.881204
3.650375     0.000000    -11.276675   0.064333    53928.013426    53928.020104
3.650375     0.000000    -11.119941   0.022027    55547.712708    55547.855301
3.650375     0.000000    -11.021058   0.025440    54955.577338    54955.650648
3.650375     0.000000    -11.144760   0.053382    53930.495451    53930.502037
3.650375     0.000000    -11.461438   0.037803    54690.771921    54690.979109
3.650375     0.000000    -11.459655   0.043186    54692.047095    54692.123461
3.650375     0.000000    -11.411887   0.041017    54942.666042    54942.873565
3.650375     0.000000    -11.042405   0.049283    53927.348924    53927.355509
3.650375     0.000000    -11.237831   0.042792    55725.141539    55725.153437
3.650375     0.000000    -11.284423   0.021086    54265.785938    54265.995579
3.650375     0.000000    -11.384427   0.053255    55769.963426    55769.974942
3.650375     0.000000    -11.416073   0.048389    54866.019028    54866.034641
3.650375     0.000000    -11.448414   0.044405    54686.496134    54686.758299
3.650375     0.000000    -11.273894   0.046107    55731.565486    55731.577037
3.650375     0.000000    -11.231470   0.019651    54266.793299    54266.989387
3.650375     0.000000    -11.340433   0.053953    54529.464097    54529.475671
3.650375     0.000000    -11.110869   0.052018    53926.345394    53926.352037
3.650375     0.000000    -11.351317   0.031291    55794.581782    55794.726366
3.650375     0.000000    -11.450910   0.041335    54980.125463    54980.203426
3.650375     0.000000    -11.161548   0.028027    54959.597442    54959.736759
3.650375     0.000000    -11.328458   0.039764    54936.642523    54936.715255
3.650375     0.000000    -11.199241   0.018574    54295.300475    54295.712454
3.650375     0.000000    -11.355265   0.056319    55771.2989    55771.311088
3.650375     0.000000    -11.243020   0.047135    55712.09522    55712.165926
3.650375     0.000000    -11.420299   0.040558    54694.320475    54694.397176
3.650375     0.000000    -11.210104   0.017452    54291.220208    54291.429144
3.650375     0.000000    -11.415128   0.049444    55767.952928    55767.967326
3.650375     0.000000    -11.203499   0.039264    55698.248229    55698.261065
3.650375     0.000000    -11.200875   0.021031    54292.69147    54292.824965
3.650375     0.000000    -11.335908   0.030133    55588.136597    55588.277731
3.650375     0.000000    -11.190964   0.034194    55705.339132    55705.356215
3.650375     0.000000    -11.247441   0.046711    54894.788715    54894.799954
3.650375     0.000000    -11.336778   0.034681    54965.014039    54965.082604
3.650375     0.000000    -11.439369   0.057245    55733.572674    55733.583993
3.650375     0.000000    -11.429952   0.030771    54688.432743    54688.715926
3.650375     0.000000    -11.356381   0.056386    54516.470347    54516.482593
3.650375     0.000000    -11.338148   0.036851    54830.214109    54830.358981
3.650375     0.000000    -11.354357   0.035511    54972.785509    54972.925671
3.650375     0.000000    -11.181309   0.010775    53753.052049    53753.999965
3.650375     0.000000    -11.220423   0.009571    53752.043958    53752.995104
3.650375     0.000000    -11.455143   0.056037    55328.227384    55328.240937
3.650375     0.000000    -11.231202   0.020607    54294.361667    54294.501354
3.650375     0.000000    -11.350077   0.040552    54971.378067    54971.453449
3.650375     0.000000    -11.267482   0.045665    55251.597812    55251.611076
3.650375     0.000000    -11.343306   0.069927    54501.024387    54501.032535
3.650375     0.000000    -11.227105   0.045483    54523.112014    54523.12287
3.650375     0.000000    -11.106554   0.034132    54950.6275    54950.702025
3.650375     0.000000    -11.336735   0.053588    54522.971736    54522.98331
3.650375     0.000000    -10.966844   0.028452    54117.216979    54117.233993
3.650375     0.000000    -11.201688   0.046073    54880.005521    54880.085382
3.650375     0.000000    -11.263511   0.044805    55765.947454    55765.959699
3.650375     0.000000    -11.242651   0.047135    55729.020845    55729.031204
3.650375     0.000000    -11.311678   0.055746    55759.407743    55759.418009
3.650375     0.000000    -11.159110   0.026089    55665.677986    55665.827731
3.650375     0.000000    -11.221955   0.034967    55642.518102    55642.53537
3.650375     0.000000    -11.096538   0.016775    55042.65456    55042.988854
3.650375     0.000000    -11.227964   0.011234    53748.027789    53748.983981
3.650375     0.000000    -11.290289   0.043974    55272.003854    55272.017326
3.650375     0.000000    -11.017730   0.023000    54948.284641    54948.423565
3.650375     0.000000    -11.434348   0.040374    54973.440417    54973.928437
3.650375     0.000000    -11.337462   0.053892    54540.047431    54540.05831
3.650375     0.000000    -11.170199   0.027014    54946.667245    54946.88537
3.650375     0.000000    -11.221292   0.040952    55691.497326    55691.509699
3.650375     0.000000    -11.397576   0.038353    54698.012222    54698.284005
3.650375     0.000000    -11.455359   0.035953    54982.068229    54982.274954
3.650375     0.000000    -11.269815   0.063078    53928.156481    53928.16316
3.650375     0.000000    -11.453437   0.035794    54976.117361    54976.265938
3.650375     0.000000    -11.411015   0.038590    54977.65735    54977.797894
3.650375     0.000000    -11.239016   0.019824    54293.353495    54293.566632
3.650375     0.000000    -11.258483   0.064817    53928.282882    53928.28956
3.650375     0.000000    -11.541903   0.068897    54904.841528    54904.852025
3.650375     0.000000    -11.478968   0.037297    54975.716111    54975.859005
3.650375     0.000000    -11.207377   0.030559    55710.287627    55710.432847
3.650375     0.000000    -11.221955   0.044700    54513.592569    54513.604144
3.650375     0.000000    -11.308321   0.041641    55775.044896    55775.061065
3.650375     0.000000    -11.279705   0.042715    55737.515938    55737.529109
3.650375     0.000000    -11.101896   0.017270    55041.103727    55041.380532
3.650375     0.000000    -11.204067   0.042505    54962.275289    54962.412604
3.650375     0.000000    -11.239187   0.031074    54944.606227    54944.812465
3.650375     0.000000    -11.066142   0.014823    55044.450544    55044.993704
3.650375     0.000000    -11.026953   0.046880    53930.021759    53930.028437
3.650375     0.000000    -11.296614   0.044113    55763.678611    55763.813854
3.650375     0.000000    -11.362463   0.056994    54502.958507    54502.969421
3.650375     0.000000    -11.289332   0.047019    54905.095498    54905.107604
3.650375     0.000000    -11.406058   0.039486    54974.660498    54974.865937
3.650375     0.000000    -11.537158   0.047410    54696.333877    54696.476354
3.650375     0.000000    -11.128849   0.051153    53928.084954    53928.091632
3.650375     0.000000    -11.158319   0.023507    55684.26434    55684.410382
3.650375     0.000000    -11.408530   0.038164    54964.810706    54964.95412
3.650375     0.000000    -11.406105   0.051948    55755.253588    55755.267315
3.650375     0.000000    -11.308605   0.043529    55735.173738    55735.18816
3.650375     0.000000    -11.391552   0.035532    54967.018299    54967.092338
3.650375     0.000000    -11.411347   0.057940    54898.469317    54898.540938
3.650375     0.000000    -11.170014   0.027344    54949.88228    54949.965243
3.650375     0.000000    -11.232789   0.020205    55170.538692    55170.67441
3.650375     0.000000    -11.094801   0.023662    54120.176331    54120.245799
3.650375     0.000000    -11.291401   0.048161    55629.151076    55629.162454
3.650375     0.000000    -11.407570   0.053554    54900.816146    54900.82787
3.650375     0.000000    -11.040251   0.019448    55043.517581    55043.738148
3.650375     0.000000    -11.288333   0.031323    54795.873958    54795.954815
3.650375     0.000000    -11.261738   0.034900    54963.873796    54963.953426
3.650375     0.000000    -11.442864   0.062742    54489.037708    54489.049282
3.650375     0.000000    -11.439482   0.042140    54979.054572    54979.135359
3.650375     0.000000    -11.217318   0.020818    53754.047859    53754.259676
3.650375     0.000000    -11.094004   0.052479    53926.211424    53926.218009
3.650375     0.000000    -11.278698   0.027286    55729.845231    55729.984537
3.650375     0.000000    -11.523925   0.036087    54978.251169    54978.396481
3.650375     0.000000    -11.231930   0.057477    53924.399537    53924.406215
3.650375     0.000000    -11.120906   0.055683    53925.141898    53925.148495
3.650375     0.000000    -11.257975   0.037546    53751.171551    53751.981898
3.650375     0.000000    -11.147583   0.025466    54945.670567    54945.749271
3.650375     0.000000    -11.545036   0.056275    55374.067002    55374.081921
3.650375     0.000000    -11.349612   0.050374    54542.380069    54542.391644
3.650375     0.000000    -11.276113   0.021522    54863.955208    54864.612454
3.650375     0.000000    -11.621664   0.072903    54906.635104    54906.647176
3.650375     0.000000    -11.038944   0.010920    54113.003634    54114.024259
3.650375     0.000000    -11.219219   0.040952    54961.069306    54961.208021
3.650375     0.000000    -11.115980   0.022313    54121.174583    54121.249259
3.650375     0.000000    -11.314595   0.050621    54896.460694    54896.472882
3.650375     0.000000    -11.461859   0.062279    54517.01478    54517.026366
3.650375     0.000000    -11.132692   0.051875    53926.278009    53926.284687
3.650375     0.000000    -11.264442   0.045231    54539.105069    54539.11662
3.650375     0.000000    -11.243784   0.029905    54939.851458    54939.993715
3.650375     0.000000    -11.261387   0.014211    53749.029491    53750.107616
3.650375     0.000000    -11.444224   0.074434    55265.315023    55265.324271
3.650375     0.000000    -11.456676   0.060064    55671.76044    55671.773565
3.650375     0.000000    -11.299416   0.044243    54897.081829    54897.150648
3.650375     0.000000    -11.264335   0.049851    54518.023125    54518.034699
3.650375     0.000000    -11.293385   0.035207    54966.07875    54966.15691
3.650375     0.000000    -11.236717   0.009994    54798.953102    54799.89375
3.650375     0.000000    -11.201272   0.027447    54960.534271    54960.67706
3.650375     0.000000    -11.421793   0.058051    54526.443264    54526.454815
3.650375     0.000000    -11.432229   0.072347    54915.017199    54915.542315
3.650375     0.000000    -11.171656   0.056244    53926.412037    53926.418715
3.650375     0.000000    -11.083195   0.032229    54118.218391    54118.236759
3.650375     0.000000    -11.367178   0.036582    54816.029861    54816.370093
3.650375     0.000000    -11.243096   0.033716    54823.235937    54823.330521
3.650375     0.000000    -11.295223   0.010122    54796.137245    54797.952963
3.650375     0.000000    -11.317486   0.033977    54970.303588    54970.381898
3.650375     0.000000    -11.337670   0.053892    54512.520347    54512.531898
3.650375     0.000000    -11.215840   0.043575    54941.711863    54941.723553
3.650375     0.000000    -11.337839   0.013135    54800.02375    54801.105532
3.650375     0.000000    -11.094874   0.052817    53928.222454    53928.229132
3.650375     0.000000    -11.430755   0.041025    54695.599514    54695.677755
3.650375     0.000000    -11.343778   0.046041    55335.92434    55335.938148
3.650375     0.000000    -11.329177   0.067050    55894.654016    55894.661447
3.650375     0.000000    -11.342847   0.039636    55774.843715    55774.993715
3.650375     0.000000    -11.332196   0.042019    55225.773171    55225.849271
3.650375     0.000000    -11.057012   0.047339    53930.361377    53930.368021
3.650375     0.000000    -11.134539   0.027104    54157.275313    54157.812477
3.650375     0.000000    -11.232148   0.056475    54496.876748    54496.947894
3.650375     0.000000    -11.152389   0.034946    54954.637766    54954.715926
3.650375     0.000000    -11.164147   0.018160    55045.186204    55045.337477
3.650375     0.000000    -11.403038   0.050689    55314.979294    55314.992326
3.650375     0.000000    -11.396156   0.055637    54525.372431    54525.383981
3.650375     0.000000    -11.132387   0.027179    54953.435289    54953.513866
3.650375     0.000000    -11.174827   0.060054    53928.350231    53928.35691
3.650375     0.000000    -11.330605   0.077422    54826.205972    54826.277037
3.650375     0.000000    -11.348507   0.034636    54937.706169    54937.987465
3.650375     0.000000    -11.270932   0.039782    54824.241331    54824.335162
3.650375     0.000000    -11.270561   0.032213    55755.387616    55755.527743
3.650375     0.000000    -11.273821   0.042298    55727.550521    55727.563843
3.650375     0.000000    -11.309838   0.045279    55279.968576    55279.981898
3.650375     0.000000    -11.297575   0.016797    54795.402153    54795.821458
3.650375     0.000000    -11.365027   0.041015    54834.230752    54834.309005
3.650375     0.000000    -11.208461   0.029360    55567.857801    55567.939549
3.650375     0.000000    -11.264523   0.025020    55634.172824    55634.296481
3.650375     0.000000    -11.238197   0.045885    54531.329375    54531.340926
3.650375     0.000000    -11.302808   0.063789    55288.805949    55288.812731
3.650375     0.000000    -11.236343   0.046294    54514.529375    54514.540949
3.650375     0.000000    -11.256591   0.044388    55593.351019    55593.364549
3.650375     0.000000    -11.410153   0.025238    55211.447211    55212.64581
3.650375     0.000000    -11.374700   0.059050    54528.720752    54528.730532
3.650375     0.000000    -11.307613   0.034800    54828.205301    54828.351354
3.650375     0.000000    -11.443741   0.058674    54908.390637    54908.401343
3.650375     0.000000    -11.383346   0.040631    54836.238287    54836.316632
3.650375     0.000000    -11.358960   0.056655    54893.516273    54893.527037
3.650375     0.000000    -11.353970   0.034411    54832.159873    54832.367917
3.650375     0.000000    -11.346683   0.049967    54524.044653    54524.056227
3.650375     0.000000    -11.433099   0.065218    54488.833542    54488.845116
3.650375     0.000000    -11.258554   0.044805    55615.031551    55615.045104
3.650375     0.000000    -11.348334   0.060498    55621.12375    55621.133299
3.650375     0.000000    -11.344986   0.046836    55244.426956    55244.440243
3.650375     0.000000    -11.497117   0.064686    54489.105069    54489.116644
3.650375     0.000000    -11.426244   0.041574    54838.24522    54838.324942
3.650375     0.000000    -11.298265   0.057595    54488.968264    54488.979144
3.650375     0.000000    -11.313190   0.040763    54887.036354    54887.052049
3.650375     0.000000    -11.614672   0.071156    55649.142812    55649.156215
3.650375     0.000000    -11.376890   0.045686    55745.477986    55745.493021
3.650375     0.000000    -11.404311   0.037984    54678.603588    54678.680706
3.650375     0.000000    -11.351596   0.060569    55747.420671    55747.42912
3.650375     0.000000    -11.713398   0.087318    55780.010856    55780.02287
3.000005     0.000000    -11.566292   0.028882    55773.30603    55773.318009
3.000005     0.000000    -11.571256   0.027073    55741.598576    55741.611748
3.000005     0.000000    -11.904166   0.044319    55293.356644    55293.368715
3.000005     0.000000    -11.519961   0.025114    55739.456736    55739.470093
3.000005     0.000000    -11.583038   0.030814    55743.604757    55743.615926
3.000005     0.000000    -11.540071   0.027689    55237.939942    55237.952049
3.000005     0.000000    -11.256594   0.030420    55761.867546    55761.87706
3.000005     0.000000    -11.478836   0.026002    55782.285266    55782.297164
3.000005     0.000000    -11.598653   0.009969    54289.477269    54290.952731
3.000005     0.000000    -11.442192   0.019982    54119.222743    54119.240914
3.000005     0.000000    -11.529428   0.025114    55300.647836    55300.718704
3.000005     0.000000    -11.544689   0.029104    55607.870231    55607.881204
3.000005     0.000000    -11.407770   0.033283    53928.013426    53928.020104
3.000005     0.000000    -11.388013   0.013506    55547.712708    55547.855301
3.000005     0.000000    -11.369461   0.016513    54955.577338    54955.650648
3.000005     0.000000    -11.359939   0.031306    53930.495451    53930.502037
3.000005     0.000000    -11.630817   0.020404    54690.771921    54690.979109
3.000005     0.000000    -11.714612   0.026426    54692.047095    54692.123461
3.000005     0.000000    -11.659215   0.025451    54942.666042    54942.873565
3.000005     0.000000    -11.313463   0.030327    53927.348924    53927.355509
3.000005     0.000000    -11.433516   0.024439    55725.141539    55725.153437
3.000005     0.000000    -11.520280   0.012677    54265.785938    54265.995579
3.000005     0.000000    -11.483849   0.026532    55769.963426    55769.974942
3.000005     0.000000    -11.507768   0.024933    54866.019028    54866.034641
3.000005     0.000000    -11.584851   0.024049    54686.496134    54686.758299
3.000005     0.000000    -11.554138   0.027899    55731.565486    55731.577037
3.000005     0.000000    -11.531883   0.012478    54266.793299    54266.989387
3.000005     0.000000    -11.600228   0.029489    54529.464097    54529.475671
3.000005     0.000000    -11.371169   0.031542    53926.345394    53926.352037
3.000005     0.000000    -11.539957   0.018106    55794.581782    55794.726366
3.000005     0.000000    -11.632315   0.022448    54980.125463    54980.203426
3.000005     0.000000    -11.457295   0.018215    54959.597442    54959.736759
3.000005     0.000000    -11.630248   0.025121    54936.642523    54936.715255
3.000005     0.000000    -11.508352   0.011913    54295.300475    54295.712454
3.000005     0.000000    -11.524626   0.028782    55771.2989    55771.311088
3.000005     0.000000    -11.470507   0.026311    55712.09522    55712.165926
3.000005     0.000000    -11.686470   0.024651    54694.320475    54694.397176
3.000005     0.000000    -11.575226   0.011639    54291.220208    54291.429144
3.000005     0.000000    -11.526129   0.025959    55767.952928    55767.967326
3.000005     0.000000    -11.464075   0.024227    55698.248229    55698.261065
3.000005     0.000000    -11.536935   0.013767    54292.69147    54292.824965
3.000005     0.000000    -11.550100   0.016712    55588.136597    55588.277731
3.000005     0.000000    -11.477886   0.020566    55705.339132    55705.356215
3.000005     0.000000    -11.615395   0.030559    54894.788715    54894.799954
3.000005     0.000000    -11.520001   0.018894    54965.014039    54965.082604
3.000005     0.000000    -11.591734   0.029999    55733.572674    55733.583993
3.000005     0.000000    -11.647614   0.017758    54688.432743    54688.715926
3.000005     0.000000    -11.544907   0.029999    54516.470347    54516.482593
3.000005     0.000000    -11.485448   0.019086    54830.214109    54830.358981
3.000005     0.000000    -11.571058   0.021031    54972.785509    54972.925671
3.000005     0.000000    -11.477312   0.006944    53753.052049    53753.999965
3.000005     0.000000    -11.523266   0.006183    53752.043958    53752.995104
3.000005     0.000000    -11.629398   0.028452    55328.227384    55328.240937
3.000005     0.000000    -11.585495   0.013862    54294.361667    54294.501354
3.000005     0.000000    -11.604914   0.024256    54971.378067    54971.453449
3.000005     0.000000    -11.501838   0.026714    55251.597812    55251.611076
3.000005     0.000000    -11.515505   0.036013    54501.024387    54501.032535
3.000005     0.000000    -11.442909   0.026115    54523.112014    54523.12287
3.000005     0.000000    -11.392015   0.020267    54950.6275    54950.702025
3.000005     0.000000    -11.579204   0.030060    54522.971736    54522.98331
3.000005     0.000000    -11.343461   0.018146    54117.216979    54117.233993
3.000005     0.000000    -11.492797   0.028333    54880.005521    54880.085382
3.000005     0.000000    -11.576671   0.028882    55765.947454    55765.959699
3.000005     0.000000    -11.462224   0.027264    55729.020845    55729.031204
3.000005     0.000000    -11.412138   0.027492    55759.407743    55759.418009
3.000005     0.000000    -11.410582   0.015517    55665.677986    55665.827731
3.000005     0.000000    -11.488643   0.021306    55642.518102    55642.53537
3.000005     0.000000    -11.444661   0.011289    55042.65456    55042.988854
3.000005     0.000000    -11.532855   0.007085    53748.027789    53748.983981
3.000005     0.000000    -11.464227   0.025003    55272.003854    55272.017326
3.000005     0.000000    -11.352364   0.015016    54948.284641    54948.423565
3.000005     0.000000    -11.623121   0.021933    54973.440417    54973.928437
3.000005     0.000000    -11.541954   0.031310    54540.047431    54540.05831
3.000005     0.000000    -11.447873   0.016712    54946.667245    54946.88537
3.000005     0.000000    -11.473501   0.024844    55691.497326    55691.509699
3.000005     0.000000    -11.523861   0.020927    54698.012222    54698.284005
3.000005     0.000000    -11.636366   0.020392    54982.068229    54982.274954
3.000005     0.000000    -11.459229   0.035588    53928.156481    53928.16316
3.000005     0.000000    -11.634295   0.020295    54976.117361    54976.265938
3.000005     0.000000    -11.664546   0.023556    54977.65735    54977.797894
3.000005     0.000000    -11.596741   0.013327    54293.353495    54293.566632
3.000005     0.000000    -11.554625   0.039143    53928.282882    53928.28956
3.000005     0.000000    -11.600843   0.032876    54904.841528    54904.852025
3.000005     0.000000    -11.657119   0.020758    54975.716111    54975.859005
3.000005     0.000000    -11.474758   0.019253    55710.287627    55710.432847
3.000005     0.000000    -11.488643   0.027001    54513.592569    54513.604144
3.000005     0.000000    -11.501183   0.024069    55775.044896    55775.061065
3.000005     0.000000    -11.506394   0.025576    55737.515938    55737.529109
3.000005     0.000000    -11.447697   0.011510    55041.103727    55041.380532
3.000005     0.000000    -11.535697   0.027563    54962.275289    54962.412604
3.000005     0.000000    -11.467991   0.017877    54944.606227    54944.812465
3.000005     0.000000    -11.433103   0.010033    55044.450544    55044.993704
3.000005     0.000000    -11.392097   0.031228    53930.021759    53930.028437
3.000005     0.000000    -11.489303   0.024886    55763.678611    55763.813854
3.000005     0.000000    -11.588837   0.030943    54502.958507    54502.969421
3.000005     0.000000    -11.675636   0.032685    54905.095498    54905.107604
3.000005     0.000000    -11.613711   0.023288    54974.660498    54974.865937
3.000005     0.000000    -11.703559   0.026573    54696.333877    54696.476354
3.000005     0.000000    -11.397163   0.031074    53928.084954    53928.091632
3.000005     0.000000    -11.392293   0.013828    55684.26434    55684.410382
3.000005     0.000000    -11.542440   0.020136    54964.810706    54964.95412
3.000005     0.000000    -11.465881   0.025493    55755.253588    55755.267315
3.000005     0.000000    -11.496031   0.023821    55735.173738    55735.18816
3.000005     0.000000    -11.549612   0.020372    54967.018299    54967.092338
3.000005     0.000000    -11.646667   0.033153    54898.469317    54898.540938
3.000005     0.000000    -11.444602   0.016613    54949.88228    54949.965243
3.000005     0.000000    -11.489772   0.012289    55170.538692    55170.67441
3.000005     0.000000    -11.417685   0.015224    54120.176331    54120.245799
3.000005     0.000000    -11.547632   0.029433    55629.151076    55629.162454
3.000005     0.000000    -11.609062   0.030798    54900.816146    54900.82787
3.000005     0.000000    -11.426513   0.013792    55043.517581    55043.738148
3.000005     0.000000    -11.515613   0.018426    54795.873958    54795.954815
3.000005     0.000000    -11.457263   0.020372    54963.873796    54963.953426
3.000005     0.000000    -11.608490   0.033023    54489.037708    54489.049282
3.000005     0.000000    -11.615669   0.023605    54979.054572    54979.135359
3.000005     0.000000    -11.529951   0.013262    53754.047859    53754.259676
3.000005     0.000000    -11.403095   0.031974    53926.211424    53926.218009
3.000005     0.000000    -11.481955   0.015773    55729.845231    55729.984537
3.000005     0.000000    -11.705435   0.020524    54978.251169    54978.396481
3.000005     0.000000    -11.469650   0.034431    53924.399537    53924.406215
3.000005     0.000000    -11.454180   0.035532    53925.141898    53925.148495
3.000005     0.000000    -11.608841   0.025049    53751.171551    53751.981898
3.000005     0.000000    -11.474807   0.015994    54945.670567    54945.749271
3.000005     0.000000    -11.713581   0.029657    55374.067002    55374.081921
3.000005     0.000000    -11.547772   0.028437    54542.380069    54542.391644
3.000005     0.000000    -11.516462   0.012849    54863.955208    54864.612454
3.000005     0.000000    -11.823312   0.041033    54906.635104    54906.647176
3.000005     0.000000    -11.333334   0.006945    54113.003634    54114.024259
3.000005     0.000000    -11.425993   0.022679    54961.069306    54961.208021
3.000005     0.000000    -11.414739   0.014128    54121.174583    54121.249259
3.000005     0.000000    -11.602632   0.031074    54896.460694    54896.472882
3.000005     0.000000    -11.623852   0.034251    54517.01478    54517.026366
3.000005     0.000000    -11.353440   0.030770    53926.278009    53926.284687
3.000005     0.000000    -11.522604   0.027759    54539.105069    54539.11662
3.000005     0.000000    -11.558810   0.019532    54939.851458    54939.993715
3.000005     0.000000    -11.539033   0.008719    53749.029491    53750.107616
3.000005     0.000000    -11.770281   0.042246    55265.315023    55265.324271
3.000005     0.000000    -11.750018   0.035847    55671.76044    55671.773565
3.000005     0.000000    -11.611837   0.027641    54897.081829    54897.150648
3.000005     0.000000    -11.408739   0.025867    54518.023125    54518.034699
3.000005     0.000000    -11.525879   0.020397    54966.07875    54966.15691
3.000005     0.000000    -11.495914   0.006081    54798.953102    54799.89375
3.000005     0.000000    -11.413241   0.015866    54960.534271    54960.67706
3.000005     0.000000    -11.543306   0.028658    54526.443264    54526.454815
3.000005     0.000000    -11.760335   0.041240    54915.017199    54915.542315
3.000005     0.000000    -11.473168   0.033681    53926.412037    53926.418715
3.000005     0.000000    -11.393142   0.018943    54118.218391    54118.236759
3.000005     0.000000    -11.583411   0.019836    54816.029861    54816.370093
3.000005     0.000000    -11.472187   0.019438    54823.235937    54823.330521
3.000005     0.000000    -11.548806   0.006228    54796.137245    54797.952963
3.000005     0.000000    -11.544018   0.019680    54970.303588    54970.381898
3.000005     0.000000    -11.547724   0.028327    54512.520347    54512.531898
3.000005     0.000000    -11.561640   0.027381    54941.711863    54941.723553
3.000005     0.000000    -11.572579   0.007850    54800.02375    54801.105532
3.000005     0.000000    -11.372569   0.030298    53928.222454    53928.229132
3.000005     0.000000    -11.678844   0.024399    54695.599514    54695.677755
3.000005     0.000000    -11.661671   0.028858    55335.92434    55335.938148
3.000005     0.000000    -11.595900   0.040090    55894.654016    55894.661447
3.000005     0.000000    -11.531854   0.022623    55774.843715    55774.993715
3.000005     0.000000    -11.538922   0.024516    55225.773171    55225.849271
3.000005     0.000000    -11.469153   0.032414    53930.361377    53930.368021
3.000005     0.000000    -11.533412   0.018958    54157.275313    54157.812477
3.000005     0.000000    -11.599337   0.036421    54496.876748    54496.947894
3.000005     0.000000    -11.396364   0.020862    54954.637766    54954.715926
3.000005     0.000000    -11.449710   0.011310    55045.186204    55045.337477
3.000005     0.000000    -11.605340   0.028613    55314.979294    55314.992326
3.000005     0.000000    -11.576790   0.030559    54525.372431    54525.383981
3.000005     0.000000    -11.409675   0.017664    54953.435289    54953.513866
3.000005     0.000000    -11.474012   0.036502    53928.350231    53928.35691
3.000005     0.000000    -11.555314   0.045616    54826.205972    54826.277037
3.000005     0.000000    -11.527437   0.019243    54937.706169    54937.987465
3.000005     0.000000    -11.490310   0.023262    54824.241331    54824.335162
3.000005     0.000000    -11.481670   0.018583    55755.387616    55755.527743
3.000005     0.000000    -11.457130   0.024532    55727.550521    55727.563843
3.000005     0.000000    -11.549751   0.026454    55279.968576    55279.981898
3.000005     0.000000    -11.564384   0.010310    54795.402153    54795.821458
3.000005     0.000000    -11.601805   0.024256    54834.230752    54834.309005
3.000005     0.000000    -11.420663   0.016138    55567.857801    55567.939549
3.000005     0.000000    -11.524460   0.015307    55634.172824    55634.296481
3.000005     0.000000    -11.585070   0.028882    54531.329375    54531.340926
3.000005     0.000000    -11.422028   0.033178    55288.805949    55288.812731
3.000005     0.000000    -11.487295   0.027089    54514.529375    54514.540949
3.000005     0.000000    -11.520562   0.027563    55593.351019    55593.364549
3.000005     0.000000    -11.669944   0.015347    55211.447211    55212.64581
3.000005     0.000000    -11.508580   0.031074    54528.720752    54528.730532
3.000005     0.000000    -11.592974   0.021464    54828.205301    54828.351354
3.000005     0.000000    -11.681552   0.033647    54908.390637    54908.401343
3.000005     0.000000    -11.616254   0.025121    54836.238287    54836.316632
3.000005     0.000000    -11.563949   0.031198    54893.516273    54893.527037
3.000005     0.000000    -11.584109   0.019754    54832.159873    54832.367917
3.000005     0.000000    -11.560108   0.029110    54524.044653    54524.056227
3.000005     0.000000    -11.857755   0.042357    54488.833542    54488.845116
3.000005     0.000000    -11.477323   0.025410    55615.031551    55615.045104
3.000005     0.000000    -11.521985   0.031757    55621.12375    55621.133299
3.000005     0.000000    -11.538976   0.026253    55244.426956    55244.440243
3.000005     0.000000    -11.852820   0.040737    54489.105069    54489.116644
3.000005     0.000000    -11.563265   0.022879    54838.24522    54838.324942
3.000005     0.000000    -11.598220   0.032363    54488.968264    54488.979144
3.000005     0.000000    -11.600685   0.025469    54887.036354    54887.052049
3.000005     0.000000    -11.723704   0.035847    55649.142812    55649.156215
3.000005     0.000000    -11.536415   0.024702    55745.477986    55745.493021
3.000005     0.000000    -11.660807   0.023326    54678.603588    54678.680706
3.000005     0.000000    -11.595664   0.034892    55747.420671    55747.42912
3.000005     0.000000    -11.834316   0.042911    55780.010856    55780.02287
3.301035     0.000000    -11.525197   0.025245    55773.30603    55773.318009
3.301035     0.000000    -11.518324   0.024078    55741.598576    55741.611748
3.301035     0.000000    -11.849413   0.041205    55293.356644    55293.368715
3.301035     0.000000    -11.485047   0.024379    55739.456736    55739.470093
3.301035     0.000000    -11.544528   0.027858    55743.604757    55743.615926
3.301035     0.000000    -11.494999   0.024455    55237.939942    55237.952049
3.301035     0.000000    -11.414616   0.029276    55761.867546    55761.87706
3.301035     0.000000    -11.447020   0.024152    55782.285266    55782.297164
3.301035     0.000000    -11.554385   0.008943    54289.477269    54290.952731
3.301035     0.000000    -11.394998   0.016903    54119.222743    54119.240914
3.301035     0.000000    -11.483526   0.023219    55300.647836    55300.718704
3.301035     0.000000    -11.523611   0.027968    55607.870231    55607.881204
3.301035     0.000000    -11.371853   0.031306    53928.013426    53928.020104
3.301035     0.000000    -11.336363   0.011790    55547.712708    55547.855301
3.301035     0.000000    -11.333917   0.014839    54955.577338    54955.650648
3.301035     0.000000    -11.317039   0.028146    53930.495451    53930.502037
3.301035     0.000000    -11.585119   0.019045    54690.771921    54690.979109
3.301035     0.000000    -11.677490   0.024152    54692.047095    54692.123461
3.301035     0.000000    -11.611278   0.022604    54942.666042    54942.873565
3.301035     0.000000    -11.268351   0.027082    53927.348924    53927.355509
3.301035     0.000000    -11.390562   0.022879    55725.141539    55725.153437
3.301035     0.000000    -11.469830   0.011398    54265.785938    54265.995579
3.301035     0.000000    -11.445600   0.024511    55769.963426    55769.974942
3.301035     0.000000    -11.474292   0.023461    54866.019028    54866.034641
3.301035     0.000000    -11.540191   0.022210    54686.496134    54686.758299
3.301035     0.000000    -11.521357   0.026062    55731.565486    55731.577037
3.301035     0.000000    -11.485592   0.011230    54266.793299    54266.989387
3.301035     0.000000    -11.543872   0.026532    54529.464097    54529.475671
3.301035     0.000000    -11.334450   0.028205    53926.345394    53926.352037
3.301035     0.000000    -11.494177   0.016658    55794.581782    55794.726366
3.301035     0.000000    -11.576298   0.021902    54980.125463    54980.203426
3.301035     0.000000    -11.420311   0.016013    54959.597442    54959.736759
3.301035     0.000000    -11.584037   0.023205    54936.642523    54936.715255
3.301035     0.000000    -11.467792   0.010683    54295.300475    54295.712454
3.301035     0.000000    -11.471571   0.026677    55771.2989    55771.311088
3.301035     0.000000    -11.437254   0.023691    55712.09522    55712.165926
3.301035     0.000000    -11.641276   0.022008    54694.320475    54694.397176
3.301035     0.000000    -11.537639   0.010441    54291.220208    54291.429144
3.301035     0.000000    -11.491601   0.024312    55767.952928    55767.967326
3.301035     0.000000    -11.413005   0.022879    55698.248229    55698.261065
3.301035     0.000000    -11.495993   0.012168    54292.69147    54292.824965
3.301035     0.000000    -11.508470   0.015517    55588.136597    55588.277731
3.301035     0.000000    -11.427922   0.018655    55705.339132    55705.356215
3.301035     0.000000    -11.571210   0.027788    54894.788715    54894.799954
3.301035     0.000000    -11.468537   0.018380    54965.014039    54965.082604
3.301035     0.000000    -11.550917   0.029104    55733.572674    55733.583993
3.301035     0.000000    -11.603823   0.016294    54688.432743    54688.715926
3.301035     0.000000    -11.498332   0.028058    54516.470347    54516.482593
3.301035     0.000000    -11.446906   0.017840    54830.214109    54830.358981
3.301035     0.000000    -11.520805   0.018831    54972.785509    54972.925671
3.301035     0.000000    -11.430148   0.006220    53753.052049    53753.999965
3.301035     0.000000    -11.478115   0.005565    53752.043958    53752.995104
3.301035     0.000000    -11.595142   0.026514    55328.227384    55328.240937
3.301035     0.000000    -11.549928   0.012373    54294.361667    54294.501354
3.301035     0.000000    -11.563195   0.023205    54971.378067    54971.453449
3.301035     0.000000    -11.456769   0.024632    55251.597812    55251.611076
3.301035     0.000000    -11.492770   0.034987    54501.024387    54501.032535
3.301035     0.000000    -11.399906   0.024152    54523.112014    54523.12287
3.301035     0.000000    -11.354667   0.018571    54950.6275    54950.702025
3.301035     0.000000    -11.533290   0.027728    54522.971736    54522.98331
3.301035     0.000000    -11.298249   0.016120    54117.216979    54117.233993
3.301035     0.000000    -11.452456   0.026599    54880.005521    54880.085382
3.301035     0.000000    -11.535375   0.024609    55765.947454    55765.959699
3.301035     0.000000    -11.421481   0.025305    55729.020845    55729.031204
3.301035     0.000000    -11.360544   0.025451    55759.407743    55759.418009
3.301035     0.000000    -11.368230   0.014845    55665.677986    55665.827731
3.301035     0.000000    -11.451548   0.020132    55642.518102    55642.53537
3.301035     0.000000    -11.405259   0.009717    55042.65456    55042.988854
3.301035     0.000000    -11.486343   0.006398    53748.027789    53748.983981
3.301035     0.000000    -11.406209   0.022879    55272.003854    55272.017326
3.301035     0.000000    -11.319497   0.013805    54948.284641    54948.423565
3.301035     0.000000    -11.583216   0.020452    54973.440417    54973.928437
3.301035     0.000000    -11.499720   0.027878    54540.047431    54540.05831
3.301035     0.000000    -11.406300   0.014763    54946.667245    54946.88537
3.301035     0.000000    -11.422127   0.022406    55691.497326    55691.509699
3.301035     0.000000    -11.478179   0.019315    54698.012222    54698.284005
3.301035     0.000000    -11.596885   0.019433    54982.068229    54982.274954
3.301035     0.000000    -11.401087   0.032521    53928.156481    53928.16316
3.301035     0.000000    -11.588110   0.019045    54976.117361    54976.265938
3.301035     0.000000    -11.633034   0.021824    54977.65735    54977.797894
3.301035     0.000000    -11.558696   0.011885    54293.353495    54293.566632
3.301035     0.000000    -11.507655   0.035291    53928.282882    53928.28956
3.301035     0.000000    -11.568754   0.030951    54904.841528    54904.852025
3.301035     0.000000    -11.610549   0.018258    54975.716111    54975.859005
3.301035     0.000000    -11.430920   0.016929    55710.287627    55710.432847
3.301035     0.000000    -11.455114   0.025083    54513.592569    54513.604144
3.301035     0.000000    -11.446735   0.021111    55775.044896    55775.061065
3.301035     0.000000    -11.455077   0.023465    55737.515938    55737.529109
3.301035     0.000000    -11.405872   0.010738    55041.103727    55041.380532
3.301035     0.000000    -11.492267   0.024288    54962.275289    54962.412604
3.301035     0.000000    -11.421494   0.017107    54944.606227    54944.812465
3.301035     0.000000    -11.393212   0.008853    55044.450544    55044.993704
3.301035     0.000000    -11.356012   0.027179    53930.021759    53930.028437
3.301035     0.000000    -11.440530   0.023266    55763.678611    55763.813854
3.301035     0.000000    -11.549715   0.029202    54502.958507    54502.969421
3.301035     0.000000    -11.646655   0.029104    54905.095498    54905.107604
3.301035     0.000000    -11.568196   0.021162    54974.660498    54974.865937
3.301035     0.000000    -11.668061   0.025205    54696.333877    54696.476354
3.301035     0.000000    -11.355946   0.028488    53928.084954    53928.091632
3.301035     0.000000    -11.356037   0.012691    55684.26434    55684.410382
3.301035     0.000000    -11.501895   0.018894    54964.810706    54964.95412
3.301035     0.000000    -11.436570   0.024082    55755.253588    55755.267315
3.301035     0.000000    -11.445347   0.022355    55735.173738    55735.18816
3.301035     0.000000    -11.497685   0.018522    54967.018299    54967.092338
3.301035     0.000000    -11.600084   0.030828    54898.469317    54898.540938
3.301035     0.000000    -11.401694   0.015704    54949.88228    54949.965243
3.301035     0.000000    -11.443302   0.011123    55170.538692    55170.67441
3.301035     0.000000    -11.376594   0.013136    54120.176331    54120.245799
3.301035     0.000000    -11.512718   0.026144    55629.151076    55629.162454
3.301035     0.000000    -11.583137   0.028770    54900.816146    54900.82787
3.301035     0.000000    -11.387076   0.011548    55043.517581    55043.738148
3.301035     0.000000    -11.462767   0.016325    54795.873958    54795.954815
3.301035     0.000000    -11.404907   0.018012    54963.873796    54963.953426
3.301035     0.000000    -11.562233   0.031310    54489.037708    54489.049282
3.301035     0.000000    -11.571624   0.021733    54979.054572    54979.135359
3.301035     0.000000    -11.488564   0.012026    53754.047859    53754.259676
3.301035     0.000000    -11.360208   0.028444    53926.211424    53926.218009
3.301035     0.000000    -11.436035   0.014442    55729.845231    55729.984537
3.301035     0.000000    -11.657530   0.018885    54978.251169    54978.396481
3.301035     0.000000    -11.436477   0.031662    53924.399537    53924.406215
3.301035     0.000000    -11.424867   0.032190    53925.141898    53925.148495
3.301035     0.000000    -11.567192   0.021099    53751.171551    53751.981898
3.301035     0.000000    -11.434543   0.014945    54945.670567    54945.749271
3.301035     0.000000    -11.672825   0.029705    55374.067002    55374.081921
3.301035     0.000000    -11.512179   0.027359    54542.380069    54542.391644
3.301035     0.000000    -11.472739   0.011686    54863.955208    54864.612454
3.301035     0.000000    -11.778268   0.037164    54906.635104    54906.647176
3.301035     0.000000    -11.288091   0.006227    54113.003634    54114.024259
3.301035     0.000000    -11.376354   0.020946    54961.069306    54961.208021
3.301035     0.000000    -11.372420   0.012385    54121.174583    54121.249259
3.301035     0.000000    -11.551940   0.027728    54896.460694    54896.472882
3.301035     0.000000    -11.600917   0.032497    54517.01478    54517.026366
3.301035     0.000000    -11.319070   0.028146    53926.278009    53926.284687
3.301035     0.000000    -11.471524   0.024987    54539.105069    54539.11662
3.301035     0.000000    -11.517501   0.017014    54939.851458    54939.993715
3.301035     0.000000    -11.490986   0.007816    53749.029491    53750.107616
3.301035     0.000000    -11.736113   0.038610    55265.315023    55265.324271
3.301035     0.000000    -11.700351   0.032685    55671.76044    55671.773565
3.301035     0.000000    -11.557466   0.024473    54897.081829    54897.150648
3.301035     0.000000    -11.364290   0.024270    54518.023125    54518.034699
3.301035     0.000000    -11.477489   0.019401    54966.07875    54966.15691
3.301035     0.000000    -11.451186   0.005593    54798.953102    54799.89375
3.301035     0.000000    -11.366818   0.014278    54960.534271    54960.67706
3.301035     0.000000    -11.511969   0.026898    54526.443264    54526.454815
3.301035     0.000000    -11.728567   0.037860    54915.017199    54915.542315
3.301035     0.000000    -11.421961   0.029851    53926.412037    53926.418715
3.301035     0.000000    -11.351522   0.017058    54118.218391    54118.236759
3.301035     0.000000    -11.539876   0.019685    54816.029861    54816.370093
3.301035     0.000000    -11.428498   0.017381    54823.235937    54823.330521
3.301035     0.000000    -11.502250   0.005647    54796.137245    54797.952963
3.301035     0.000000    -11.500502   0.017820    54970.303588    54970.381898
3.301035     0.000000    -11.508412   0.026913    54512.520347    54512.531898
3.301035     0.000000    -11.526603   0.024511    54941.711863    54941.723553
3.301035     0.000000    -11.523252   0.007167    54800.02375    54801.105532
3.301035     0.000000    -11.338162   0.027970    53928.222454    53928.229132
3.301035     0.000000    -11.640274   0.022291    54695.599514    54695.677755
3.301035     0.000000    -11.621625   0.026555    55335.92434    55335.938148
3.301035     0.000000    -11.561232   0.036659    55894.654016    55894.661447
3.301035     0.000000    -11.480614   0.020183    55774.843715    55774.993715
3.301035     0.000000    -11.491959   0.021870    55225.773171    55225.849271
3.301035     0.000000    -11.438140   0.028931    53930.361377    53930.368021
3.301035     0.000000    -11.498176   0.016929    54157.275313    54157.812477
3.301035     0.000000    -11.562563   0.031367    54496.876748    54496.947894
3.301035     0.000000    -11.346223   0.018935    54954.637766    54954.715926
3.301035     0.000000    -11.404828   0.010208    55045.186204    55045.337477
3.301035     0.000000    -11.574985   0.026555    55314.979294    55314.992326
3.301035     0.000000    -11.526832   0.027085    54525.372431    54525.383981
3.301035     0.000000    -11.369738   0.015517    54953.435289    54953.513866
3.301035     0.000000    -11.448395   0.032947    53928.350231    53928.35691
3.301035     0.000000    -11.546033   0.042806    54826.205972    54826.277037
3.301035     0.000000    -11.484888   0.017764    54937.706169    54937.987465
3.301035     0.000000    -11.452361   0.020991    54824.241331    54824.335162
3.301035     0.000000    -11.436016   0.016758    55755.387616    55755.527743
3.301035     0.000000    -11.413199   0.021964    55727.550521    55727.563843
3.301035     0.000000    -11.515252   0.025245    55279.968576    55279.981898
3.301035     0.000000    -11.517806   0.009239    54795.402153    54795.821458
3.301035     0.000000    -11.567735   0.022210    54834.230752    54834.309005
3.301035     0.000000    -11.377218   0.015666    55567.857801    55567.939549
3.301035     0.000000    -11.483548   0.014097    55634.172824    55634.296481
3.301035     0.000000    -11.538977   0.025185    54531.329375    54531.340926
3.301035     0.000000    -11.386728   0.031395    55288.805949    55288.812731
3.301035     0.000000    -11.425049   0.023712    54514.529375    54514.540949
3.301035     0.000000    -11.469912   0.024773    55593.351019    55593.364549
3.301035     0.000000    -11.631678   0.014061    55211.447211    55212.64581
3.301035     0.000000    -11.472413   0.028542    54528.720752    54528.730532
3.301035     0.000000    -11.555046   0.019151    54828.205301    54828.351354
3.301035     0.000000    -11.655636   0.033023    54908.390637    54908.401343
3.301035     0.000000    -11.577477   0.021162    54836.238287    54836.316632
3.301035     0.000000    -11.505459   0.029657    54893.516273    54893.527037
3.301035     0.000000    -11.549610   0.018361    54832.159873    54832.367917
3.301035     0.000000    -11.511026   0.027001    54524.044653    54524.056227
3.301035     0.000000    -11.824086   0.036854    54488.833542    54488.845116
3.301035     0.000000    -11.428138   0.022201    55615.031551    55615.045104
3.301035     0.000000    -11.493157   0.029370    55621.12375    55621.133299
3.301035     0.000000    -11.506796   0.025660    55244.426956    55244.440243
3.301035     0.000000    -11.809532   0.036685    54489.105069    54489.116644
3.301035     0.000000    -11.532428   0.020251    54838.24522    54838.324942
3.301035     0.000000    -11.569538   0.029999    54488.968264    54488.979144
3.301035     0.000000    -11.554606   0.023498    54887.036354    54887.052049
3.301035     0.000000    -11.684206   0.033473    55649.142812    55649.156215
3.301035     0.000000    -11.484024   0.023461    55745.477986    55745.493021
3.301035     0.000000    -11.611100   0.020696    54678.603588    54678.680706
3.301035     0.000000    -11.542688   0.031288    55747.420671    55747.42912
3.301035     0.000000    -11.796811   0.040382    55780.010856    55780.02287
0.744948     0.000000    -11.836970   0.019991    55211.450347    55211.464721
0.456969     0.000000    -11.589550   0.017869    55211.450347    55211.455348
0.549175     0.000000    -11.712706   0.017870    55211.450347    55211.455347
0.360842     0.000000    -11.491483   0.020392    55211.450347    55211.455347
0.672691     0.000000    -11.868431   0.019992    55211.450347    55211.460358
0.785930     0.000000    -11.856703   0.016950    55211.450347    55211.470383
-0.237944     0.000000    -10.695785   0.039507    50166.220729    50166.220729
0.004117     0.000000    -10.822417   0.028039    50166.220729    50166.220729
0.195188     0.000000    -10.960389   0.012003    50166.220729    50166.220729
-1.248955     0.000000    -10.743767   0.017987    55205.13918252    55380.02866341
-0.985859     0.000000    -11.015689   0.009422    55205.13918252    55380.02866341
-0.569403     0.000000    -10.818205   0.010319    55205.13918252    55567.96008337
-0.438130     0.000000    -10.977173   0.011275    55205.13918252    55567.96008337
-1.161776     0.000000    -9.981765   0.001293    53856.5    54338.5
-0.860876     0.000000    -10.054421   0.094423    53856.5    54338.5
-2.110681     0.000000    -10.057079   0.117950    53856.5    54338.5
-2.052834     0.000000    -9.989849   0.320248    53856.5    54338.5
-1.860876     0.000000    -10.171262   0.025115    53856.5    54338.5
-3.410323     0.000000    -10.903021   0.000013    52131.58333    53810.54167
-3.598121     0.000000    -10.984221   0.005110    52131.58333    53810.54167
-3.770667     0.000000    -11.127145   0.002386    52131.58333    53810.54167
-3.864937     0.000000    -11.228633   0.002426    52131.58333    53810.54167
-4.021723     0.000000    -11.405276   0.002540    52131.58333    53810.54167
-2.450470     0.000000    -10.481470   0.032505 0.0   0.0
-2.647054     0.000000    -10.526787   0.011396 0.0   0.0
-2.835676     0.000000    -10.577844   0.006854 0.0   0.0
-3.046991     0.000000    -10.662887   0.002928 0.0   0.0
-3.228115     0.000000    -10.668374   0.003468 0.0   0.0
-3.383451     0.000000    -10.803834   0.003876 0.0   0.0
-3.535878     0.000000    -10.815606   0.002383 0.0   0.0
-3.739012     0.000000    -10.988964   0.002940 0.0   0.0
-3.930133     0.000000    -11.163976   0.001787 0.0   0.0
-2.450470     0.000000    -10.610308   0.032580    55055.5    55527.5
-2.647054     0.000000    -10.622820   0.017469    55055.5    55527.5
-2.835676     0.000000    -10.673953   0.007627    55055.5    55527.5
-3.046991     0.000000    -10.749983   0.002935    55055.5    55527.5
-3.228115     0.000000    -10.819751   0.003435    55055.5    55527.5
-3.383451     0.000000    -10.874485   0.004480    55055.5    55527.5
-3.535878     0.000000    -10.994680   0.004681    55055.5    55527.5
-3.739012     0.000000    -11.134953   0.006277    55055.5    55527.5
-3.930133     0.000000    -11.366462   0.003608    55055.5    55527.5
-5.799120     0.000000    -13.234397   0.000000 0.0   0.0
-5.237323     0.000000    -12.817962   0.000000 0.0   0.0
-2.450470     0.000000    -10.544098   0.020536    55055.5    55354.5
-2.647054     0.000000    -10.591359   0.009421    55055.5    55354.5
-2.835676     0.000000    -10.693603   0.009088    55055.5    55354.5
-3.046991     0.000000    -10.734359   0.006807    55055.5    55354.5
-3.228115     0.000000    -10.863289   0.003166    55055.5    55354.5
-3.383451     0.000000    -10.886774   0.003483    55055.5    55354.5
-3.538353     0.000000    -11.036937   0.007896    55055.5    55354.5
-3.739998     0.000000    -11.188632   0.006119    55055.5    55354.5
-3.906330     0.000000    -11.357251   0.003097    55055.5    55354.5
-4.082421     0.000000    -11.397419   0.021620 0.0   0.0
-1.906619 0.0 -10.697040   0.000000    45366.5    45659.5
-1.684742     0.000000    -10.898382   0.074549    45366.5    45659.5
-1.304632 0.0 -10.591721   0.000000    45366.5    45659.5
-0.985859 0.0 -10.535662   0.000000    45366.5    45659.5
0.287537     0.000000    -10.920508   0.042031 0.0   0.0
0.450206     0.000000    -10.736922   0.042031 0.0   0.0
0.001977     0.000000    -10.446546   0.010938 0.0   0.0
-0.126974     0.000000    -10.429510   0.010528 0.0   0.0
-0.240436     0.000000    -10.409531   0.010528 0.0   0.0
-5.237323     0.000000    -12.824488   0.000000 0.0   0.0
-4.684481     0.000000    -12.116339   0.000000 0.0   0.0
-5.237323     0.000000    -12.866653   0.000000 0.0   0.0
-5.237323     0.000000    -12.866653   0.000000 0.0   0.0
-5.237323     0.000000    -12.866653   0.000000 0.0   0.0
0.196561     0.000000    -10.488067   0.017788 0.0   0.0
0.282505     0.000000    -10.576620   0.014431 0.0   0.0
0.350067     0.000000    -10.634000   0.015191 0.0   0.0
0.445788     0.000000    -10.669701   0.017820 0.0   0.0
1.014489     0.000000    -10.508638   0.000000 0.0   0.0
0.906584     0.000000    -11.876148   0.000000 0.0   0.0
0.906584     0.000000    -11.991400   0.000000 0.0   0.0
0.839265     0.000000    -10.549751   0.000000 0.0   0.0
0.792640     0.000000    -10.636388   0.000000 0.0   0.0
0.727139     0.000000    -11.649752   0.000000 0.0   0.0
0.727139     0.000000    -11.946922   0.000000 0.0   0.0
0.645933     0.000000    -10.465974   0.000000 0.0   0.0
0.566427     0.000000    -11.759451   0.000000 0.0   0.0
0.529833     0.000000    -11.705534   0.000000 0.0   0.0
0.516370     0.000000    -11.801343   0.000000 0.0   0.0
0.466582     0.000000    -11.809668   0.000000 0.0   0.0
0.449696     0.000000    -11.742321   0.000000 0.0   0.0
0.449696     0.000000    -10.665546   0.000000 0.0   0.0
0.416578     0.000000    -11.829738   0.000000 0.0   0.0
0.366285     0.000000    -11.838632   0.000000 0.0   0.0
0.350548     0.000000    -11.812479   0.000000 0.0   0.0
0.350548     0.000000    -11.804100   0.000000 0.0   0.0
0.350548     0.000000    -10.665546   0.000000 0.0   0.0
0.350548     0.000000    -10.632644   0.000000 0.0   0.0
0.316387     0.000000    -11.860121   0.000000 0.0   0.0
0.286795     0.000000    -10.616185   0.000000 0.0   0.0
0.286795     0.000000    -11.189096   0.000000 0.0   0.0
0.266857     0.000000    -11.821023   0.000000 0.0   0.0
0.253037     0.000000    -10.634512   0.000000 0.0   0.0
0.249006     0.000000    -10.371611   0.000000 0.0   0.0
0.247993     0.000000    -11.769551   0.000000 0.0   0.0
0.216432     0.000000    -11.790485   0.000000 0.0   0.0
0.195188     0.000000    -10.504456   0.000000 0.0   0.0
0.191737     0.000000    -12.378824   0.000000 0.0   0.0
0.166777     0.000000    -11.769551   0.000000 0.0   0.0
0.149303     0.000000    -10.583359   0.000000 0.0   0.0
0.116236     0.000000    -11.739929   0.000000 0.0   0.0
0.066798     0.000000    -11.718967   0.000000 0.0   0.0
0.002155     0.000000    -10.446117   0.000000 0.0   0.0
0.002155     0.000000    -10.452225   0.000000 0.0   0.0
-0.003240     0.000000    -11.356547   0.000000 0.0   0.0
-0.003240     0.000000    -10.364516   0.000000 0.0   0.0
-0.003240     0.000000    -11.440093   0.000000 0.0   0.0
-0.003240     0.000000    -10.946922   0.000000 0.0   0.0
-0.123380     0.000000    -11.269218   0.000000 0.0   0.0
-0.123380     0.000000    -11.410050   0.000000 0.0   0.0
-0.123380     0.000000    -11.462181   0.000000 0.0   0.0
-0.123380     0.000000    -11.032920   0.000000 0.0   0.0
-0.128178     0.000000    -10.431798   0.000000 0.0   0.0
-0.128178     0.000000    -10.429457   0.000000 0.0   0.0
-0.128178     0.000000    -10.329754   0.000000 0.0   0.0
-0.240436     0.000000    -10.410050   0.000000 0.0   0.0
-0.240436     0.000000    -10.415669   0.000000 0.0   0.0
-0.249912     0.000000    -11.326058   0.000000 0.0   0.0
-0.249912     0.000000    -11.177832   0.000000 0.0   0.0
-0.253117     0.000000    -10.869666   0.000000 0.0   0.0
-0.266180     0.000000    -11.142065   0.000000 0.0   0.0
-0.266180     0.000000    -11.325139   0.000000 0.0   0.0
-0.266180     0.000000    -11.117475   0.000000 0.0   0.0
-0.269508     0.000000    -10.283997   0.000000 0.0   0.0
-0.437982     0.000000    -11.074688   0.000000 0.0   0.0
-0.443932     0.000000    -10.209012   0.000000 0.0   0.0
-0.449458     0.000000    -11.126098   0.000000 0.0   0.0
-0.455568     0.000000    -10.841638   0.000000 0.0   0.0
-0.457109     0.000000    -10.826814   0.000000 0.0   0.0
-0.457109     0.000000    -10.829738   0.000000 0.0   0.0
-0.559325     0.000000    -10.779892   0.000000 0.0   0.0
-0.559325     0.000000    -10.793174   0.000000 0.0   0.0
-0.664949     0.000000    -10.754487   0.000000 0.0   0.0
-0.664949     0.000000    -10.756962   0.000000 0.0   0.0
-0.802526     0.000000    -10.718967   0.000000 0.0   0.0
-0.802526     0.000000    -10.690370   0.000000 0.0   0.0
-0.903444     0.000000    -10.939302   0.000000 0.0   0.0
-0.927085     0.000000    -10.651695   0.000000 0.0   0.0
-1.279647     0.000000    -10.216811   0.000000 0.0   0.0
-1.279647     0.000000    -10.229885   0.000000 0.0   0.0
-1.684481     0.000000    -10.899629   0.000000 0.0   0.0
-2.563907     0.000000    -10.600326   0.000000 0.0   0.0
-2.803667     0.000000    -10.568636   0.000000 0.0   0.0
-2.809420     0.000000    -10.804100   0.000000 0.0   0.0
-2.809420     0.000000    -10.575118   0.000000 0.0   0.0
-2.809420     0.000000    -10.649752   0.000000 0.0   0.0
-2.835676     0.000000    -10.290730   0.000000 0.0   0.0
-2.835676     0.000000    -10.889410   0.000000 0.0   0.0
-2.835676     0.000000    -10.221849   0.000000 0.0   0.0
-2.952087     0.000000    -10.649752   0.000000 0.0   0.0
-2.952087     0.000000    -10.716699   0.000000 0.0   0.0
-2.952087     0.000000    -10.804100   0.000000 0.0   0.0
-2.952087     0.000000    -10.640165   0.000000 0.0   0.0
-3.021723     0.000000    -10.777284   0.000000 0.0   0.0
-3.021723     0.000000    -10.696804   0.000000 0.0   0.0
-3.021723     0.000000    -10.709965   0.000000 0.0   0.0
-3.021723     0.000000    -10.661544   0.000000 0.0   0.0
-3.021723     0.000000    -10.866461   0.000000 0.0   0.0
-3.051013     0.000000    -10.625252   0.000000 0.0   0.0
-3.207360     0.000000    -10.889410   0.000000 0.0   0.0
-3.207360     0.000000    -10.764472   0.000000 0.0   0.0
-3.207360     0.000000    -10.772113   0.000000 0.0   0.0
-3.207360     0.000000    -10.886057   0.000000 0.0   0.0
-3.207360     0.000000    -10.841638   0.000000 0.0   0.0
-3.383451     0.000000    -11.221849   0.000000 0.0   0.0
-3.383451     0.000000    -11.522879   0.000000 0.0   0.0
-3.383885     0.000000    -11.000435   0.000000 0.0   0.0
-3.410323     0.000000    -10.903090   0.000000 0.0   0.0
-3.410323     0.000000    -10.879426   0.000000 0.0   0.0
-3.410323     0.000000    -10.747147   0.000000 0.0   0.0
-3.410323     0.000000    -10.889410   0.000000 0.0   0.0
-3.429208     0.000000    -10.882729   0.000000 0.0   0.0
-3.429208     0.000000    -10.850781   0.000000 0.0   0.0
-3.431143     0.000000    -11.308919   0.000000 0.0   0.0
-3.447440     0.000000    -10.764472   0.000000 0.0   0.0
-3.448953     0.000000    -10.838632   0.000000 0.0   0.0
-3.448953     0.000000    -11.006123   0.000000 0.0   0.0
-3.496960     0.000000    -11.352617   0.000000 0.0   0.0
-3.598121     0.000000    -10.982967   0.000000 0.0   0.0
-3.598121     0.000000    -10.991400   0.000000 0.0   0.0
-3.598121     0.000000    -10.987163   0.000000 0.0   0.0
-3.598121     0.000000    -10.982967   0.000000 0.0   0.0
-3.598121     0.000000    -10.995679   0.000000 0.0   0.0
-3.598121     0.000000    -10.826814   0.000000 0.0   0.0
-3.747967     0.000000    -11.225483   0.000000 0.0   0.0
-3.748974     0.000000    -11.565431   0.000000 0.0   0.0
-3.749983     0.000000    -11.316953   0.000000 0.0   0.0
-3.760202     0.000000    -11.192465   0.000000 0.0   0.0
-3.770667     0.000000    -11.127261   0.000000 0.0   0.0
-3.770667     0.000000    -11.120904   0.000000 0.0   0.0
-3.770667     0.000000    -11.131944   0.000000 0.0   0.0
-3.770667     0.000000    -11.139063   0.000000 0.0   0.0
-3.770667     0.000000    -11.122629   0.000000 0.0   0.0
-3.770667     0.000000    -10.978811   0.000000 0.0   0.0
-3.815249     0.000000    -11.230623   0.000000 0.0   0.0
-3.815249     0.000000    -11.259637   0.000000 0.0   0.0
-3.815249     0.000000    -10.892790   0.000000 0.0   0.0
-3.815249     0.000000    -11.413413   0.000000 0.0   0.0
-3.815249     0.000000    -11.230623   0.000000 0.0   0.0
-3.815249     0.000000    -11.258848   0.000000 0.0   0.0
-3.817603     0.000000    -11.198596   0.000000 0.0   0.0
-3.864937     0.000000    -11.228413   0.000000 0.0   0.0
-3.864937     0.000000    -11.211832   0.000000 0.0   0.0
-3.864937     0.000000    -11.085128   0.000000 0.0   0.0
-3.878301     0.000000    -11.266803   0.000000 0.0   0.0
-3.886521     0.000000    -11.586700   0.000000 0.0   0.0
-4.019839     0.000000    -11.375718   0.000000 0.0   0.0
-4.021723     0.000000    -11.405607   0.000000 0.0   0.0
-4.021723     0.000000    -11.533132   0.000000 0.0   0.0
-4.021723     0.000000    -11.383000   0.000000 0.0   0.0
-4.021723     0.000000    -11.267606   0.000000 0.0   0.0
-4.037098     0.000000    -11.667562   0.000000 0.0   0.0
-4.041028     0.000000    -11.517126   0.000000 0.0   0.0
-4.041028     0.000000    -11.500313   0.000000 0.0   0.0
-4.041028     0.000000    -11.649752   0.000000 0.0   0.0
-4.041028     0.000000    -11.469800   0.000000 0.0   0.0
-4.041028     0.000000    -11.343902   0.000000 0.0   0.0
-4.084598     0.000000    -11.400117   0.000000 0.0   0.0
-4.116279     0.000000    -11.286509   0.000000 0.0   0.0
-4.195930     0.000000    -11.598599   0.000000 0.0   0.0
-4.198760     0.000000    -11.774691   0.000000 0.0   0.0
-4.204474     0.000000    -11.387216   0.000000 0.0   0.0
-4.204474     0.000000    -11.492144   0.000000 0.0   0.0
-4.204474     0.000000    -11.524329   0.000000 0.0   0.0
-4.207360     0.000000    -11.640165   0.000000 0.0   0.0
-4.207360     0.000000    -11.428291   0.000000 0.0   0.0
-4.207360     0.000000    -11.607303   0.000000 0.0   0.0
-4.207360     0.000000    -11.573489   0.000000 0.0   0.0
-4.207360     0.000000    -11.428291   0.000000 0.0   0.0
-4.207360     0.000000    -11.636388   0.000000 0.0   0.0
-4.207360     0.000000    -11.638272   0.000000 0.0   0.0
-4.207360     0.000000    -11.576754   0.000000 0.0   0.0
-4.207360     0.000000    -11.744727   0.000000 0.0   0.0
-4.207360     0.000000    -11.688246   0.000000 0.0   0.0
-4.207360     0.000000    -11.557520   0.000000 0.0   0.0
-4.219098     0.000000    -11.616185   0.000000 0.0   0.0
-4.225088     0.000000    -11.707744   0.000000 0.0   0.0
-4.237323     0.000000    -11.725842   0.000000 0.0   0.0
-4.237323     0.000000    -11.723538   0.000000 0.0   0.0
-4.237323     0.000000    -11.793174   0.000000 0.0   0.0
-4.354067     0.000000    -11.879426   0.000000 0.0   0.0
-4.362262     0.000000    -11.795880   0.000000 0.0   0.0
-4.435527     0.000000    -11.906578   0.000000 0.0   0.0
-4.448953     0.000000    -11.716699   0.000000 0.0   0.0
-4.459172     0.000000    -12.030584   0.000000 0.0   0.0
-4.459172     0.000000    -11.663540   0.000000 0.0   0.0
-4.459172     0.000000    -11.863279   0.000000 0.0   0.0
-4.461764     0.000000    -11.931814   0.000000 0.0   0.0
-4.464373     0.000000    -12.043832   0.000000 0.0   0.0
-4.474430     0.000000    -11.764472   0.000000 0.0   0.0
-4.474430     0.000000    -11.643974   0.000000 0.0   0.0
-4.474430     0.000000    -11.823909   0.000000 0.0   0.0
-4.480361     0.000000    -12.020907   0.000000 0.0   0.0
-4.480361     0.000000    -12.028724   0.000000 0.0   0.0
-4.480361     0.000000    -12.025488   0.000000 0.0   0.0
-4.480361     0.000000    -12.029188   0.000000 0.0   0.0
-4.683613     0.000000    -12.080922   0.000000 0.0   0.0
-4.683613     0.000000    -12.127261   0.000000 0.0   0.0
-4.684481     0.000000    -12.283997   0.000000 0.0   0.0
-4.684481     0.000000    -12.187087   0.000000 0.0   0.0
-4.684481     0.000000    -12.173925   0.000000 0.0   0.0
-4.684481     0.000000    -12.187087   0.000000 0.0   0.0
-4.684481     0.000000    -12.258848   0.000000 0.0   0.0
-4.684481     0.000000    -12.288193   0.000000 0.0   0.0
-4.697709     0.000000    -12.251812   0.000000 0.0   0.0
-4.697709     0.000000    -12.265200   0.000000 0.0   0.0
-4.702210     0.000000    -12.297569   0.000000 0.0   0.0
-4.702210     0.000000    -12.151195   0.000000 0.0   0.0
-4.952087     0.000000    -12.489455   0.000000 0.0   0.0
-4.952087     0.000000    -12.468521   0.000000 0.0   0.0
-4.952087     0.000000    -12.450997   0.000000 0.0   0.0
-4.952087     0.000000    -12.489455   0.000000 0.0   0.0
-4.952087     0.000000    -12.486782   0.000000 0.0   0.0
-4.961847     0.000000    -12.571865   0.000000 0.0   0.0
-4.985511     0.000000    -12.616185   0.000000 0.0   0.0
-5.031268     0.000000    -12.677781   0.000000 0.0   0.0
-5.234232     0.000000    -12.785156   0.000000 0.0   0.0
-5.234232     0.000000    -12.790485   0.000000 0.0   0.0
-5.237323     0.000000    -12.917215   0.000000 0.0   0.0
-5.237323     0.000000    -12.970616   0.000000 0.0   0.0
-5.237323     0.000000    -12.866461   0.000000 0.0   0.0
-5.237323     0.000000    -12.818156   0.000000 0.0   0.0
-5.237323     0.000000    -12.899629   0.000000 0.0   0.0
-5.401180     0.000000    -12.966576   0.000000 0.0   0.0
-5.508390     0.000000    -13.090979   0.000000 0.0   0.0
-5.508390     0.000000    -13.066007   0.000000 0.0   0.0
-5.580677     0.000000    -13.106793   0.000000 0.0   0.0
-5.580677     0.000000    -13.041914   0.000000 0.0   0.0
-5.713205     0.000000    -13.202732   0.000000 0.0   0.0
-5.772791     0.000000    -13.227678   0.000000 0.0   0.0
-5.772791     0.000000    -13.229148   0.000000 0.0   0.0
-5.821158     0.000000    -13.254145   0.000000 0.0   0.0
-5.821158     0.000000    -13.248721   0.000000 0.0   0.0
-6.133031     0.000000    -13.429457   0.000000 0.0   0.0
-6.133031     0.000000    -13.429457   0.000000 0.0   0.0
-6.133031     0.000000    -13.384050   0.000000 0.0   0.0
-6.179331     0.000000    -13.492144   0.000000 0.0   0.0
-6.179331     0.000000    -13.477556   0.000000 0.0   0.0
-6.204474     0.000000    -13.477556   0.000000 0.0   0.0
-6.222083     0.000000    -13.471083   0.000000 0.0   0.0
-6.480361     0.000000    -13.552842   0.000000 0.0   0.0
-6.480361     0.000000    -13.578396   0.000000 0.0   0.0
-6.480361     0.000000    -13.578396   0.000000 0.0   0.0
-6.515395     0.000000    -13.645892   0.000000 0.0   0.0
-6.803667     0.000000    -13.739929   0.000000 0.0   0.0
-6.514219     0.000000    -13.580356   0.001223    51910.5    54465.5
-4.697709     0.000000    -12.265351   0.003842    48043.5    48196.5
-4.952087     0.000000    -12.489455   0.000000    40587.5    47892.5
-5.237323     0.000000    -12.866569   0.013033    49231.5    50508.5
-6.179331     0.000000    -13.492684   0.065308 0.0   0.0
-6.480361     0.000000    -13.552842   0.062469 0.0   0.0
-6.803667     0.000000    -13.739790   0.121555 0.0   0.0
-6.133031     0.000000    -13.384092   0.052672 0.0   0.0
-5.821158     0.000000    -13.253868   0.034200 0.0   0.0
-4.041028     0.000000    -11.550707   0.009849 0.0   0.0
-5.713205     0.000000    -13.202649   0.010697 0.0   0.0
-3.429208     0.000000    -11.239578   0.027179 0.0   0.0
-5.580677     0.000000    -13.106968   0.010586 0.0   0.0
-5.401180     0.000000    -12.965805   0.007708 0.0   0.0
-3.429208     0.000000    -11.194499   0.049143 0.0   0.0
-3.431143     0.000000    -11.308911   0.019826 0.0   0.0
-3.886521     0.000000    -11.587143   0.043362 0.0   0.0
-3.886521     0.000000    -11.587143   0.007379 0.0   0.0
-7.237323     0.000000    -13.819645   0.074579 0.0   0.0
-4.563907     0.000000    -12.031237   0.008934 0.0   0.0
-5.237323     0.000000    -12.899629   0.010618 0.0   0.0
-6.985511     0.000000    -13.821743   0.065308 0.0   0.0
-4.952892     0.000000    -12.487015   0.004311 0.0   0.0
-4.563907     0.000000    -12.094096   0.009257 0.0   0.0
-4.952087     0.000000    -12.468611   0.005520 0.0   0.0
-4.952087     0.000000    -12.451365   0.013265 0.0   0.0
-4.952087     0.000000    -12.489455   0.013033 0.0   0.0
-4.684481     0.000000    -12.174249   0.012978 0.0   0.0
-4.683700     0.000000    -12.080664   0.013101 0.0   0.0
-4.683700     0.000000    -12.127354   0.009043 0.0   0.0
-4.492471     0.000000    -11.966944   0.008455 0.0   0.0
-5.234232     0.000000    -12.790839   0.012109 0.0   0.0
-7.179331     0.000000    -14.007005   0.065459 0.0   0.0
-4.041028     0.000000    -11.693789   0.018894 0.0   0.0
-4.354067     0.000000    -11.879504   0.002464 0.0   0.0
-5.508390     0.000000    -13.065754   0.007201 0.0   0.0
-4.487200     0.000000    -12.053370   0.005801 0.0   0.0
-4.362262     0.000000    -11.756094   0.005982 0.0   0.0
-4.362262     0.000000    -11.941384   0.006774 0.0   0.0
-4.435527     0.000000    -11.905638   0.023271 0.0   0.0
-7.082421     0.000000    -13.770062   0.065456 0.0   0.0
-5.237323     0.000000    -12.824160   0.000047    49078.5    49443.5
-5.237323     0.000000    -16.096476   0.089312    49078.5    49443.5
-5.237323     0.000000    -15.737596   0.038144    49078.5    49443.5
-5.237323     0.000000    -16.116679   0.093278    49078.5    49443.5
-4.960205     0.000000    -12.527536   0.000000 0.0   0.0
-5.234232     0.000000    -12.833748   0.000000 0.0   0.0
-5.772791     0.000000    -13.259006   0.000000 0.0   0.0
-5.232695     0.000000    -12.826815   0.000000 0.0   0.0
-5.237323     0.000000    -12.915853   0.000000 0.0   0.0
-5.508390     0.000000    -13.090711   0.000000 0.0   0.0
-4.459172     0.000000    -11.663252   0.000000 0.0   0.0
