3.85637e-06 3.53324e-15 3.85637e-06 3.85637e-06 4.18083e-15 3.03199e-15
9.50920e-06 9.84817e-15 9.50920e-06 9.50920e-06 1.31705e-14 7.36393e-15 
1.98566e-05 2.28457e-14 1.98566e-05 1.98566e-05 2.70330e-14 1.96046e-14
2.03339e-05 2.91821e-14 0 0 0 0
2.03339e-05 3.29817e-14 0 0 0 0
2.03339e-05 3.67100e-14 0 0 0 0
3.26977e-05 2.14895e-14 0 0 0 0
3.19303e-05 3.61526e-14 0 0 0 0
3.34836e-05 4.27789e-14 0 0 0 0
3.26977e-05 4.68917e-14 0 0 0 0
3.26977e-05 7.08759e-14 0 0 0 0
4.34807e-05 4.76147e-14 0 0 0 0
5.64624e-05 5.29971e-14 0 0 0 0
5.78195e-05 6.08209e-14 0 0 0 0
5.78195e-05 7.19686e-14 0 0 0 0
6.20896e-05 6.87400e-14 0 0 0 0
9.07940e-05 9.19296e-14 9.07940e-05 9.07940e-05 1.13888e-13 7.53488e-14
0.000953301 5.02339e-13 0 0 0 0
0.000953301 6.51559e-13 0 0 0 0
0.000953301 8.07192e-13 0 0 0 0
1.95121 7.59274e-11 0 0 0 0
1.90542 8.19636e-11 0 0 0 0
4.69846 1.00000e-10 0 0 0 0
5.41807 1.25796e-10 0 0 0 0
6.10125 1.25796e-10 0 0 0 0
4.58818 1.78851e-10 0 0 0 0
5.54829 2.18208e-10 0 0 0 0
6.10125 2.18208e-10 0 0 0 0
398.875 1.02321e-09 0 0 0 0
611.652 1.17427e-09 0 0 0 0
937.934 1.38950e-09 0 0 0 0
1438.27 1.43267e-09 0 0 0 0
2258.51 1.59462e-09 0 0 0 0
3463.30 1.77488e-09 0 0 0 0
5310.78 1.72139e-09 5310.78 5310.78 1.94552e-09 1.49996e-09
8143.78 1.45476e-09 8143.78 8143.78 1.74793e-09 1.22942e-09
398.875 3.29817e-10 0 0 0 0
611.652 3.19877e-10 0 0 0 0
937.934 3.19877e-10 0 0 0 0
1438.27 2.74497e-10 0 0 0 0
2205.50 2.42875e-10 0 0 0 0
3463.30 2.11632e-10 0 0 0 0
5310.78 1.65680e-10 5310.78 5310.78 1.90138e-10 1.40017e-10
8143.78 1.13020e-10 8143.78 8143.78 1.37891e-10 9.55139e-11
15101.2 1.03107e-10 0 0 0 0
16216.5 9.84817e-11 0 0 0 0
19609.9 8.71363e-11 0 0 0 0
24867.1 7.47746e-11 0 0 0 0
32291.5 6.12880e-11 0 0 0 0
40948.4 5.25933e-11 0 0 0 0
48355.0 4.51320e-11 0 0 0 0
55761.0 4.51320e-11 0 0 0 0
58473.7 4.51320e-11 0 0 0 0
67429.5 4.65344e-11 0 0 0 0
111036 4.11735e-11 111036 111036 5.42275e-11 3.32349e-11
158557 3.22334e-11 158557 158557 5.94410e-11 1.69526e-11
87561.5 1.61921e-11 87561.5 87561.5 2.16545e-11 1.26762e-11
2.06670e+08 3.93264e-11 3.65456e+08 1.14132e+08 3.93264e-11 3.93264e-11
6.61769e+08 4.18083e-11 1.11592e+09 3.83234e+08 4.18083e-11 4.18083e-11
2.06929e+09 5.85385e-11 3.65913e+09 1.19834e+09 5.85385e-11 5.85385e-11
6.47045e+09 7.25212e-11 1.17167e+10 3.83714e+09 7.25212e-11 7.25212e-11
2.07187e+10 5.10083e-11 3.75176e+10 1.22867e+10 6.61604e-11 3.93264e-11
6.63426e+10 1.87251e-10 1.20134e+11 3.75176e+10 2.39187e-10 1.44367e-10
2.07447e+11 1.70828e-10 3.66829e+11 1.23021e+11 2.87390e-10 9.84817e-11
6.64255e+11 1.58247e-10 1.17461e+12 3.84674e+11 8.71363e-09 2.91821e-12