3.99305e-06 1.78496e-14 3.99305e-06 3.99305e-06 2.03532e-14 1.56540e-14
9.88997e-06 3.57887e-14 0 0 0 0
1.08807e-05 4.02762e-14 0 0 0 0
2.07265e-05 6.54577e-14 0 0 0 0
2.07265e-05 7.08211e-14 0 0 0 0
2.02377e-05 7.56248e-14 0 0 0 0
3.34069e-05 1.04996e-13 0 0 0 0
3.34069e-05 1.13599e-13 0 0 0 0
3.34069e-05 1.24531e-13 0 0 0 0
4.34367e-05 1.32978e-13 0 0 0 0
4.44859e-05 1.47700e-13 0 0 0 0
6.06701e-05 1.51629e-13 0 0 0 0
5.51458e-05 1.55662e-13 0 0 0 0
6.21355e-05 1.72896e-13 0 0 0 0
9.32296e-05 1.97146e-13 0 0 0 0
9.32296e-05 2.40045e-13 0 0 0 0
0.000177592 3.12104e-13 0 0 0 0
0.000177592 3.46659e-13 0 0 0 0
0.000177592 3.80018e-13 0 0 0 0
0.000944081 9.03704e-13 0 0 0 0
0.000944081 1.00376e-12 0 0 0 0
0.000944081 1.07184e-12 0 0 0 0
0.566199 6.96360e-11 0 0 0 0
0.753972 1.10242e-10 0 0 0 0
1.95874 8.15150e-11 0 0 0 0
1.95874 7.63372e-11 0 0 0 0
0.772184 1.05985e-10 0 0 0 0
1.00402 1.07385e-10 0 0 0 0
382.610 3.80732e-11 0 0 0 0
452.184 3.96023e-11 0 0 0 0
534.409 3.70867e-11 0 0 0 0
587.943 4.01255e-11 0 0 0 0
678.467 4.82197e-11 0 0 0 0
764.463 4.57534e-11 0 0 0 0
861.358 4.57534e-11 0 0 0 0
903.473 5.21707e-11 0 0 0 0
993.979 5.79468e-11 0 0 0 0
1067.76 4.95023e-11 0 0 0 0
1203.10 5.28600e-11 0 0 0 0
1388.34 5.08190e-11 0 0 0 0
1680.42 4.82197e-11 0 0 0 0
1848.76 4.28471e-11 0 0 0 0
2033.96 4.82197e-11 0 0 0 0
2582.25 4.95023e-11 0 0 0 0
3201.01 4.95023e-11 0 0 0 0
4262.59 4.82197e-11 0 0 0 0
3874.46 4.95023e-11 0 0 0 0
15102.4 3.00617e-11 0 0 0 0
17016.6 2.70651e-11 0 0 0 0
19636.6 2.31210e-11 0 0 0 0
24342.0 2.53460e-11 0 0 0 0
31650.3 2.31210e-11 0 0 0 0
40182.1 1.75509e-11 40182.1 40182.1 2.02770e-11 1.46048e-11 
47488.8 1.73221e-11 47488.8 47488.8 2.10913e-11 1.40409e-11
54800.5 2.05449e-11 54800.5 54800.5 2.56808e-11 1.68732e-11
66329.8 1.26413e-11 66329.8 66329.8 1.73221e-11 9.22537e-12
88327.3 1.33227e-11 88327.3 88327.3 2.02770e-11 8.75351e-12
149326 2.60201e-11 149326 149326 4.11928e-11 1.62218e-11
2.06485e+08 4.84917e-12 3.57517e+08 1.19257e+08 2.05449e-11 1.15966e-12
6.49283e+08 1.05193e-11 1.17916e+09 3.74997e+08 1.28083e-11 8.41553e-12
2.09096e+09 1.36771e-11 3.70781e+09 1.15135e+09 1.66532e-11 1.13812e-11
6.57491e+09 1.58015e-11 1.22291e+10 3.79737e+09 2.13700e-11 1.16839e-11
2.06745e+10 2.70651e-11 3.66613e+10 1.16590e+10 4.01255e-11 1.82558e-11
6.50100e+10 2.13700e-11 1.18064e+11 3.75468e+10 5.14904e-11 8.75351e-12
2.04421e+11 3.75767e-11 3.71247e+11 1.18064e+11 9.86960e-10 1.11489e-12
