-0.2068	0.1041 3.0e-11
-1.1450	0.0987
-1.3827	0.2745
1.4303	0.3697
-0.5431	0.2365
-1.1953	0.1982
0.5050	0.3467
-0.5287	0.0890
-1.2195	0.1986
0.6413	0.1353
0.5403	0.2135
-1.3276	0.1843
-0.3319	0.2952
-1.2722	0.1210
0.1365	0.2135
-0.6057	0.3305
1.1918	0.2447
0.3515	0.0509
-0.1990	0.2204
-0.7418	0.0742
0.3475	0.2960
0.3700	0.3068
0.5146	0.3812
0.8017	0.3809
0.9197	0.3687
1.0966	0.3563
1.2407	0.4039
1.2657	0.4697
1.4640	0.3819
-1.4235	0.4103
-1.2629	0.4724
-0.8946	0.3630
-0.9705	0.3365
-0.7863	0.2683
-0.8158	0.2512
-0.3777	0.2512
0.1229	0.2345
0.1819	0.2783
0.5793	0.1907
0.4915	0.2619
0.7989	0.2642
1.0930	0.2114
1.1132	0.2009
1.3691	0.2240
1.5646	0.2241
-1.2360	0.2574
-0.9340	0.2458
-0.5675	0.2244
-0.4523	0.2212
-0.3825	0.3425
0.0005	0.3171
0.0765	0.4743
0.3154	0.3926
0.3213	0.3831
0.4958	0.4921
0.7634	0.2681
0.8261	0.3989
1.0467	0.3112
1.3263	0.3138
1.3407	0.2418
-0.4255	0.1439
-1.4034	0.0841
-0.5669	0.0842
1.4989	0.2143
0.7262	0.0495
1.0348	0.0344
1.4476	0.0999
-1.1986	0.1362
1.2127	0.2426
-0.8481	0.1897
-1.4853	0.2455
0.6497	0.2123
-0.3055	0.1919
-1.4848	0.0414
1.2108	0.1852
-0.4056	0.0340
-0.4344	0.1545
1.5302	0.2162
0.0423	0.1300
-0.9220	0.1419