	4.06805e+14	4.06805e+14	9.90621e-07	3.63969e+16	1.68326e+35	0.00000e+00 
	5.87203e+14	9.94007e+14	9.77390e-07	3.68896e+16	3.89264e+35	0.00000e+00 
	7.80100e+14	1.77411e+15	9.60349e-07	3.75442e+16	6.72359e+35	0.00000e+00 
	1.04062e+15	2.81472e+15	9.38522e-07	3.84173e+16	1.03091e+36	0.00000e+00 
	1.39547e+15	4.21019e+15	9.10762e-07	3.95883e+16	1.50078e+36	0.00000e+00 
	1.88418e+15	6.09438e+15	8.75786e-07	4.11693e+16	2.11639e+36	0.00000e+00 
	2.45318e+15	8.54756e+15	8.34082e-07	4.32278e+16	2.85176e+36	0.00000e+00 
	2.57584e+15	1.11234e+16	7.94364e-07	4.53892e+16	3.58135e+36	0.00000e+00 
	2.70463e+15	1.38280e+16	7.56537e-07	4.76586e+16	4.31346e+36	0.00000e+00 
	2.83987e+15	1.66679e+16	7.20512e-07	5.00415e+16	5.00360e+36	0.00000e+00 
	2.98186e+15	1.96498e+16	6.86202e-07	5.25436e+16	5.69369e+36	0.00000e+00 
	3.13095e+15	2.27807e+16	6.53525e-07	5.51708e+16	6.34642e+36	0.00000e+00 
	3.28750e+15	2.60682e+16	6.22405e-07	5.79293e+16	6.99903e+36	0.00000e+00 
	3.45188e+15	2.95201e+16	5.92767e-07	6.08258e+16	7.61644e+36	0.00000e+00 
	3.62447e+15	3.31446e+16	5.64540e-07	6.38671e+16	8.23372e+36	0.00000e+00 
	3.80569e+15	3.69502e+16	5.37657e-07	6.70605e+16	8.81687e+36	0.00000e+00 
	3.99598e+15	4.09462e+16	5.12054e-07	7.04135e+16	9.39990e+36	0.00000e+00 
	4.19578e+15	4.51420e+16	4.87671e-07	7.39341e+16	9.98634e+36	0.00000e+00 
	4.40556e+15	4.95476e+16	4.64448e-07	7.76309e+16	1.05375e+37	0.00000e+00 
	4.62584e+15	5.41734e+16	4.42332e-07	8.15124e+16	1.10887e+37	0.00000e+00 
	4.85713e+15	5.90305e+16	4.21268e-07	8.55880e+16	1.16093e+37	0.00000e+00 
	5.09999e+15	6.41305e+16	4.01208e-07	8.98674e+16	1.21298e+37	0.00000e+00 
	5.35499e+15	6.94855e+16	3.82103e-07	9.43608e+16	1.26214e+37	0.00000e+00 
	5.62274e+15	7.51083e+16	3.63907e-07	9.90788e+16	1.31129e+37	0.00000e+00 
	5.90388e+15	8.10121e+16	3.46578e-07	1.04033e+17	1.35772e+37	0.00000e+00 
	6.19907e+15	8.72112e+16	3.30075e-07	1.09234e+17	1.40413e+37	0.00000e+00 
	6.50903e+15	9.37202e+16	3.14357e-07	1.14696e+17	1.44949e+37	0.00000e+00 
	6.83448e+15	1.00555e+17	2.99387e-07	1.20431e+17	1.49324e+37	0.00000e+00 
	7.17620e+15	1.07731e+17	2.85131e-07	1.26452e+17	1.53706e+37	0.00000e+00 
	7.53501e+15	1.15266e+17	2.71553e-07	1.32775e+17	1.57835e+37	0.00000e+00 
	7.91176e+15	1.23178e+17	2.58622e-07	1.39414e+17	1.61962e+37	0.00000e+00 
	8.30735e+15	1.31485e+17	2.46307e-07	1.46385e+17	1.65854e+37	0.00000e+00 
	8.72272e+15	1.40208e+17	2.34578e-07	1.53704e+17	1.69744e+37	0.00000e+00 
	9.15885e+15	1.49367e+17	2.23408e-07	1.61389e+17	1.73411e+37	0.00000e+00 
	9.61679e+15	1.58983e+17	2.12769e-07	1.69458e+17	1.77076e+37	0.00000e+00 
	1.00976e+16	1.69081e+17	2.02637e-07	1.77931e+17	1.80531e+37	0.00000e+00 
	1.06025e+16	1.79684e+17	1.92988e-07	1.86828e+17	1.83984e+37	0.00000e+00 
	1.11326e+16	1.90816e+17	1.83798e-07	1.96169e+17	1.87452e+37	0.00000e+00 
	1.16893e+16	2.02505e+17	1.75046e-07	2.05978e+17	1.90699e+37	0.00000e+00 
	1.22737e+16	2.14779e+17	1.66710e-07	2.16277e+17	1.93945e+37	0.00000e+00 
	1.28874e+16	2.27667e+17	1.58772e-07	2.27090e+17	1.97000e+37	0.00000e+00 
	1.35318e+16	2.41198e+17	1.51211e-07	2.38445e+17	2.00053e+37	0.00000e+00 
	1.42084e+16	2.55407e+17	1.44010e-07	2.50367e+17	2.02925e+37	0.00000e+00 
	1.49188e+16	2.70326e+17	1.37153e-07	2.62886e+17	2.05794e+37	0.00000e+00 
	1.56647e+16	2.85990e+17	1.30622e-07	2.76030e+17	2.08491e+37	0.00000e+00 
	1.64480e+16	3.02438e+17	1.24402e-07	2.89831e+17	2.11186e+37	0.00000e+00 
	1.72704e+16	3.19709e+17	1.18478e-07	3.04323e+17	2.13869e+37	0.00000e+00 
	1.81339e+16	3.37843e+17	1.12836e-07	3.19539e+17	2.16399e+37	0.00000e+00 
	1.90406e+16	3.56883e+17	1.07463e-07	3.35516e+17	2.18928e+37	0.00000e+00 
	1.99926e+16	3.76876e+17	1.02346e-07	3.52292e+17	2.21298e+37	0.00000e+00 
	2.09923e+16	3.97868e+17	9.74720e-08	3.69906e+17	2.23666e+37	0.00000e+00 
	2.20419e+16	4.19910e+17	9.28304e-08	3.88402e+17	2.25887e+37	0.00000e+00 
	2.31440e+16	4.43054e+17	8.84100e-08	4.07822e+17	2.28106e+37	0.00000e+00 
	2.43012e+16	4.67355e+17	8.41999e-08	4.28213e+17	2.30184e+37	0.00000e+00 
	2.55162e+16	4.92871e+17	8.01904e-08	4.49624e+17	2.32260e+37	0.00000e+00 
	2.67920e+16	5.19663e+17	7.63718e-08	4.72105e+17	2.34209e+37	0.00000e+00 
	2.81316e+16	5.47795e+17	7.27351e-08	4.95710e+17	2.36149e+37	0.00000e+00 
	2.95382e+16	5.77333e+17	6.92715e-08	5.20496e+17	2.38092e+37	0.00000e+00 
	3.10151e+16	6.08348e+17	6.59729e-08	5.46520e+17	2.39904e+37	0.00000e+00 
	3.25659e+16	6.40914e+17	6.28313e-08	5.73846e+17	2.41714e+37	0.00000e+00 
	3.41942e+16	6.75108e+17	5.98393e-08	6.02539e+17	2.43402e+37	0.00000e+00 
	3.59039e+16	7.11012e+17	5.69898e-08	6.32666e+17	2.45088e+37	0.00000e+00 
	3.76991e+16	7.48711e+17	5.42760e-08	6.64299e+17	2.46661e+37	0.00000e+00 
	3.95840e+16	7.88295e+17	5.16915e-08	6.97514e+17	2.48231e+37	0.00000e+00 
	4.15632e+16	8.29859e+17	4.92300e-08	7.32390e+17	2.49693e+37	0.00000e+00 
	4.36414e+16	8.73500e+17	4.68857e-08	7.69009e+17	2.51152e+37	0.00000e+00 
	4.58235e+16	9.19323e+17	4.46530e-08	8.07459e+17	2.52613e+37	0.00000e+00 
	4.81146e+16	9.67438e+17	4.25267e-08	8.47832e+17	2.53968e+37	0.00000e+00 
	5.05204e+16	1.01796e+18	4.05016e-08	8.90224e+17	2.55320e+37	0.00000e+00 
	5.30464e+16	1.07100e+18	3.85730e-08	9.34735e+17	2.56576e+37	0.00000e+00 
	5.56987e+16	1.12670e+18	3.67362e-08	9.81472e+17	2.57829e+37	0.00000e+00 
	5.84836e+16	1.18519e+18	3.49868e-08	1.03055e+18	2.58988e+37	0.00000e+00 
	6.14078e+16	1.24660e+18	3.33208e-08	1.08207e+18	2.60146e+37	0.00000e+00 
	6.44782e+16	1.31107e+18	3.17341e-08	1.13618e+18	2.61216e+37	0.00000e+00 
	6.77021e+16	1.37878e+18	3.02229e-08	1.19299e+18	2.62285e+37	0.00000e+00 
	7.10872e+16	1.44986e+18	2.87837e-08	1.25263e+18	2.63305e+37	0.00000e+00 
	7.46416e+16	1.52450e+18	2.74131e-08	1.31527e+18	2.64288e+37	0.00000e+00 
	7.83737e+16	1.60288e+18	2.61077e-08	1.38103e+18	2.65271e+37	0.00000e+00 
	8.22924e+16	1.68517e+18	2.48645e-08	1.45008e+18	2.66174e+37	0.00000e+00 
	8.64070e+16	1.77158e+18	2.36805e-08	1.52259e+18	2.67074e+37	0.00000e+00 
	9.07273e+16	1.86230e+18	2.25528e-08	1.59871e+18	2.67902e+37	0.00000e+00 
	9.52637e+16	1.95757e+18	2.14789e-08	1.67865e+18	2.68727e+37	0.00000e+00 
	1.00027e+17	2.05760e+18	2.04561e-08	1.76258e+18	2.69482e+37	0.00000e+00 
	1.05028e+17	2.16262e+18	1.94820e-08	1.85071e+18	2.70235e+37	0.00000e+00 
	1.10280e+17	2.27290e+18	1.85543e-08	1.94325e+18	2.70923e+37	0.00000e+00 
	1.15794e+17	2.38870e+18	1.76707e-08	2.04041e+18	2.71609e+37	0.00000e+00 
	1.21583e+17	2.51028e+18	1.68293e-08	2.14243e+18	2.72290e+37	0.00000e+00 
	1.27662e+17	2.63794e+18	1.60279e-08	2.24955e+18	2.72912e+37	0.00000e+00 
	1.34046e+17	2.77199e+18	1.52646e-08	2.36203e+18	2.73532e+37	0.00000e+00 
	1.40748e+17	2.91274e+18	1.45377e-08	2.48013e+18	2.74094e+37	0.00000e+00 
	1.47785e+17	3.06052e+18	1.38455e-08	2.60414e+18	2.74654e+37	0.00000e+00 
	1.55175e+17	3.21570e+18	1.31862e-08	2.73434e+18	2.75162e+37	0.00000e+00 
	1.62933e+17	3.37863e+18	1.25583e-08	2.87106e+18	2.75667e+37	0.00000e+00 
	1.71080e+17	3.54971e+18	1.19602e-08	3.01461e+18	2.76121e+37	0.00000e+00 
	1.79634e+17	3.72934e+18	1.13907e-08	3.16535e+18	2.76573e+37	0.00000e+00 
	1.88616e+17	3.91796e+18	1.08483e-08	3.32361e+18	2.76986e+37	0.00000e+00 
	1.98046e+17	4.11600e+18	1.03317e-08	3.48979e+18	2.77390e+37	0.00000e+00 
	2.07949e+17	4.32395e+18	9.83972e-09	3.66428e+18	2.77792e+37	0.00000e+00 
	2.18346e+17	4.54230e+18	9.37116e-09	3.84750e+18	2.78151e+37	0.00000e+00 
	2.29263e+17	4.77156e+18	8.92492e-09	4.03987e+18	2.78508e+37	0.00000e+00 
