706514374280903445995354849280.000000 -39807423284805726937970376704.000000 -179165928613877523297482047488.000000 
2184409544852634231688900116480.000000 -76449912495071884807413694464.000000 -584287344667584956330632282112.000000 
6625883051180541113037119029248.000000 -247713237763024938863932997632.000000 -1768581266152487296727206854656.000000 
15257162614794430711657033367552.000000 -626483051932501731624905342976.000000 -3966528555704652032710983811072.000000 
29784307595378291582574864105472.000000 -1268829521345848177571263414272.000000 -7638974912632315280858260963328.000000 
53431818675857337550638145339392.000000 -2321298226528981943011506126848.000000 -13596801040342868894413070794752.000000 
91124404729683431957927299121152.000000 -4007671562373918720777808510976.000000 -23071876469510206739542095953920.000000 
150269377498586496465390312357888.000000 -6664613067172041057999710584832.000000 -37913635234472463941563590901760.000000 
241932906029200328899096532221952.000000 -10795702209566747514347618041856.000000 -60883183453137943266486416048128.000000 
382570585898046567670655152553984.000000 -17150576993839732439436442468352.000000 -96083917382907049690722126004224.000000 
596550053474789505338314909024256.000000 -26840258022485004914278960988160.000000 -149588752618536879601506995666944.000000 
919815527474834522091387042660352.000000 -41504593083179260545067800068096.000000 -230350583629322558576058016202752.000000 
1405191574516062221965865766617088.000000 -63554325920004688606506440982528.000000 -351518643495150701304644940857344.000000 
2130026230846529165938461018947584.000000 -96519220269597109501011578322944.000000 -532332708636335545419716821516288.000000 
3207147374104202222864621610467328.000000 -145545396225597374767665462116352.000000 -800832695101843648012832408076288.000000 
4800465987583423788535153283825664.000000 -218099804790932061025093193564160.000000 -1197705638300380921224937905061888.000000 
7147016040752232298878295584276480.000000 -324957263126387875737637004247040.000000 -1781695726360565031500247143022592.000000 
10587773422903006374824274642862080.000000 -481563990491681031568682393796608.000000 -2637122552371013473493412072128512.000000 
15610229513618482084413518064386048.000000 -709887150108912860328791682056192.000000 -3884179546200852480710977813217280.000000 
22906359401500259071242039011049472.000000 -1040865041715291045408340938063872.000000 -5692800919109609486975443866222592.000000 
33450152134304470680004613250220032.000000 -1517551465641972685142631863287808.000000 -8300938308498240948738644380745728.000000 
48598683392369743127649933940752384.000000 -2198960213225882911045173584592896.000000 -12037895863834877727941122938896384.000000 
70218244314529118133031650052800512.000000 -3164440645265014891125333605482496.000000 -17352359702455747269952425745711104.000000 
100828496932474691320740763154776064.000000 -4518117910854207683612529056022528.000000 -24841495782574915972574199599333376.000000 
143739204246314255675288889797378048.000000 -6391331229841099782174057129050112.000000 -35271494533137541076695142841188352.000000 
203150661966268421055909378599682048.000000 -8938463306876206093136919730847744.000000 -49581218886670869339512105760456704.000000 
284247853038415649837630455348723712.000000 -12326840544364782233998379246944256.000000 -68881467900172599832722133259124736.000000 
393379015240559492123230144632455168.000000 -16729783108492625414924776190771200.000000 -94481549147926507711136190592712704.000000 
538430348801615791498927316934852608.000000 -22335297108109837119140945788403712.000000 -127985275272353855206635572861861888.000000 
729501636620838240494586859221942272.000000 -29388890209671193586804967482589184.000000 -171495303215463462360080857054576640.000000 
979872414006811192994092863356665856.000000 -38278342071509496291461140530069504.000000 -227906374332032130187649238299574272.000000 
1307087374133898639914211349408776192.000000 -49600564306316964378864310609248256.000000 -301148890268521873499999571185500160.000000 
1734005679419437645295325306161201152.000000 -64123134142362946724873472378404864.000000 -396279499273901091203742624070500352.000000 
2289850028600173342857427177879633920.000000 -82742181530179127871778943089508352.000000 -519581147725795635975210781745610752.000000 
3011326922098245775397032014540439552.000000 -106448727615646181114782151648215040.000000 -678685604128086850852376840020951040.000000 
3943841362337869962838416876543934464.000000 -136295019316634023297864000308510720.000000 -882715317698048993846970303662522368.000000 
5142744842686116603635553374870437888.000000 -173359019751915445558856029422223360.000000 -1142404382807307793068601772257312768.000000 
6674380205202159451238194801780195328.000000 -218660280318065609228706272033898496.000000 -1470090029046760747964681789328326656.000000 
8616662625700570030656674079302483968.000000 -272992438782503638556247389231906816.000000 -1879477115523011446981347999712542720.000000 
11058838935905768856588758143075352576.000000 -336645128165169122709342033545265152.000000 -2385070802243370040111975758588542976.000000 
14099950822934012417915082313570451456.000000 -408988598600906678427836151410720768.000000 -3001156806696533147322624290488057856.000000 
17845433977953908431126183671935008768.000000 -487893743122196424072170607476736000.000000 -3740192980166511347005131962806435840.000000 
22401176641939267073663733601394491392.000000 -568967597624159148564131880049311744.000000 -4610470520166186975318722095223930880.000000 
27864294769121721533593027029493612544.000000 -644599379489561604659250870238576640.000000 -5612925980135991121117536709827887104.000000 
34310006333403205573276563902061084672.000000 -702845612663213792777132516686430208.000000 -6737086865608392356599847538772672512.000000 
41774480239574722836221871086624571392.000000 -726259633410089394045942190223392768.000000 -7956371621126684460591478473190539264.000000 
50234403127893817631726433633520582656.000000 -690903168934953441517621201390796800.000000 -9223331952630152599136688774888554496.000000 
59585050027233679228620981279211388928.000000 -565936780440021460986768153703874560.000000 -10465843150191139540491230412923731968.000000 
69619765134600760837245271214586331136.000000 -314329028561658242920453814597189632.000000 -11585657087947686967843045809581981696.000000 
80015009942821820177657404560232153088.000000 104672442486941287048260880231825408.000000 -12461085573273484146487599512806227968.000000 
90326271908021294981590239243831083008.000000 730664735318121527642696973866237952.000000 -12955678506586682469288681118566973440.000000 
100000454578452956557441950278693683200.000000 1594426592127109462959917331946405888.000000 -12934224358603718351018662682720993280.000000 
108409223632131676304458218633911336960.000000 2707776222015585408651518870053453824.000000 -12285867292702239812304971666250792960.000000 
114904636789352109940943436202037477376.000000 4052472593702731548358898771961053184.000000 -10951409825038846768986971734953426944.000000 
118893096736249327013591277541361975296.000000 5571308040068454948018120747502272512.000000 -8948340065282764127591766488044797952.000000 
119917392007694499458772932574312398848.000000 7165846189281304171459008963081666560.000000 -6384361664179351767369199081010233344.000000 
117730807435535892738250049037308788736.000000 8704891717147838506423850575954182144.000000 -3450666277586950694608591402630643712.000000 
112343878675293835483618197421498040320.000000 10044455912871142963462614323950518272.000000 -392583311104038280548346046151917568.000000 
104030836732180953694880400387436707840.000000 11053332791699005449944953783412850688.000000 2531371456269831945938117602683387904.000000 
93304561744473717988397328723695632384.000000 11632050608016568198877274373409996800.000000 5080229095372714608823783318318219264.000000 
80881270241159563245886940301576110080.000000 11717595264306432641304924552156938240.000000 7042903311770994546439082764708872192.000000 
67623524194221902998083095755474599936.000000 11286490373344768690759165371473723392.000000 8258501505502992278474307355776385024.000000 
54431149019382298417835559973648596992.000000 10369969150791215124747384414554554368.000000 8659542825509923551174647486871502848.000000 
42106334266001717781152185739198332928.000000 9063539908376818697868788277299904512.000000 8301493223555861822310393289507864576.000000 
31243107314916376229540901845720891392.000000 7513246775084682505971027685570248704.000000 7350405817785346793892086909105078272.000000 
22172506824217254440052917650768003072.000000 5887091160937719370256578244308369408.000000 6039568186199758015343348873858908160.000000 
14978726008686392805898197661093199872.000000 4342513096813192140295546337281179648.000000 4611281306669097725397724366674853888.000000 
9567604380151922192060610197600600064.000000 2998768379277536750128750865137270784.000000 3265146613375741698404990107200258048.000000 
5732588336386189995886761036012847104.000000 1924901735537568866231591567531966464.000000 2133748354184670894560094484177092608.000000 
3195614718562710871195640331939872768.000000 1139461059210331155262208337596383232.000000 1278780516002454484437677271486038016.000000 
1644048156195941627799185965262569472.000000 617236774288355889080939674148536320.000000 698331327350792804134762511666774016.000000 
774443540195940566098074421556150272.000000 303805342115735698164289581086670848.000000 345434969165547798597196322258812928.000000 
331321129882506269653261713485594624.000000 134963500770601593986388595037962240.000000 153892971847230222856983561281470464.000000 
127592708070156176079788069632344064.000000 53726164503474531788107592912338944.000000 61351702310395266847332797662625792.000000 
43778857356992723897070588543369216.000000 19001043521480220867471908672634880.000000 21712627989627863277404821945057280.000000 
13220837284821344996280070022627328.000000 5905911403121332546942560475545600.000000 6750550449543273996278008463228928.000000 
3462079973665090178307808531841024.000000 1590837316366653666987371319525376.000000 1818516490911474919870207734317056.000000 
771872445196999780930785657225216.000000 364738130515586039734565253152768.000000 416949267735045565268868324130816.000000 
143293132086396526828290545025024.000000 69604675046795356453024101826560.000000 79568772152730433444193136279552.000000 
21571672468492824076440089657344.000000 10763106310583844183241912221696.000000 12303883446792249455842458337280.000000 
2553196184068333491474252431360.000000 1306888891625063073177269174272.000000 1493974821890558433750232858624.000000 
229213617609834138478063910912.000000 120159115556816785173595029504.000000 137360333530251382349769998336.000000 
14969133719113327578772930560.000000 8019635356245447080813789184.000000 9167675563652642634593206272.000000 
676841838135443222008168448.000000 369661786512544746235232256.000000 422580226716952029263036416.000000 
19963433798261171965394944.000000 11083996802718564943396864.000000 12670711587506310397034496.000000 
357089147558027772035072.000000 200949171065485579517952.000000 229715781738112359596032.000000 
3541882451981862174720.000000 2014196914241963556864.000000 2302536588114630803456.000000 
17470579547057915904.000000 10012693639653681152.000000 11446047448425254912.000000 
37616544389888632.000000 21677893252874920.000000 24781163159895332.000000 
30325446417897.925781 17543553608529.488281 20054977635784.921875 
7671644308.199334 4450382326.513123 5087470875.086547 
503560.027479 292640.942980 334533.567014 
6.912206 4.018989 4.594322 
0.000015 0.000008 0.000010 
0.000000 0.000000 0.000000 
0.000000 0.000000 0.000000 
0.000000 0.000000 0.000000 
0.000000 0.000000 0.000000 
0.000000 0.000000 0.000000 
0.000000 0.000000 0.000000 

884804493710380192503317921792.000000 -405469119539579764858146521088.000000 -182083434682218089885886054400.000000 
2661528163227812537453229637632.000000 -1168054032192942079722521624576.000000 -581136760869879473254007046144.000000 
7426859268962405884317419962368.000000 -3151325209815648206266954678272.000000 -1886066811499303649926166085632.000000 
16176535989393837075416460820480.000000 -6858066507778939394434447441920.000000 -4512686589576632409709560725504.000000 
30764474080332068321425044275200.000000 -13042370509958697067221895610368.000000 -8963605575083187834302215749632.000000 
54372442332905124526383102427136.000000 -23051783978580876086530772303872.000000 -16236444099828696470781717118976.000000 
91840448935540380823974309789696.000000 -38937885869493552295864833146880.000000 -27859806257478614407839936937984.000000 
150435358254506701597843073794048.000000 -63781836122739630724539064778752.000000 -46136256635525843151346718474240.000000 
241000267526235040962480703537152.000000 -102181153504929783890306035351552.000000 -74508308292306603934349875216384.000000 
379641411247859591085856359710720.000000 -160964906349123305532500117291008.000000 -118098412410334416797351563755520.000000 
590184991755776659468745701326848.000000 -250235324535901707458510583758848.000000 -184496570264004435214928051175424.000000 
907742839837371114232041271459840.000000 -384879424236722828641257851453440.000000 -284905142313126778464849442635776.000000 
1383867512760732886150129307877376.000000 -586754268170788873525964463669248.000000 -435796896047636641464123010318336.000000 
2093971548993035466616301053542400.000000 -887831637273403623057550965997568.000000 -661306418266920869942532025352192.000000 
3147945976409131165656294596018176.000000 -1334698047103088853220229730271232.000000 -996661929737245042067802788200448.000000 
4705252650494655829798065549606912.000000 -1994949611935082948057467963047936.000000 -1493079544527153417569651352666112.000000 
6996191113089966622416326006669312.000000 -2966201482827325748917474022129664.000000 -2224689274102519846394852156637184.000000 
10351550886795512844265910966419456.000000 -4388647234258004865418397468327936.000000 -3298243221686966346010928051388416.000000 
15243433555523446156032396719292416.000000 -6462344797058159229497716749893632.000000 -4866569501148722499318934734372864.000000 
22340600648895245274025867907956736.000000 -9470640825847855003336833184563200.000000 -7146971946581165104148092632956928.000000 
32582045256439241443400515279912960.000000 -13811266239666974676918692332175360.000000 -10445999826329372329163723380883456.000000 
47271859953131280379850985423503360.000000 -20036301780662695116217530963722240.000000 -15192080126753283461107819388862464.000000 
68195188357866833045121614657617920.000000 -28900789832491594925533705317384192.000000 -21976961414874829071148150230614016.000000 
97746080857908873785796322618507264.000000 -41416484654214212420317282182365184.000000 -31604590298354231921940933707300864.000000 
139043799880166554985405621511127040.000000 -58902272486063019559142899312492544.000000 -45140783075627485149710872706285568.000000 
196024176120708226473409340925542400.000000 -83026502991070667821630363208253440.000000 -63955259717505489215209625821904896.000000 
273550654592849924921133784813797376.000000 -115859049972511932505568162818818048.000000 -89763848402100889341519610257604608.000000 
377630987781406659101871671674404864.000000 -159968886085959728645547696194584576.000000 -124697145880123861960982761756950528.000000 
515837428469482757364429863895695360.000000 -218605215613960934328645407786139648.000000 -171427589277040320571123569266786304.000000 
697987281556948513402621289910239232.000000 -295979848434796154612437566835654656.000000 -233380678084876743798043574498492416.000000 
936990891146667697068308660628750336.000000 -397608482287522256366070243233103872.000000 -315015200198104863715468248214405120.000000 
1249705254044321908957651005584965632.000000 -530663862242951807989485174983229440.000000 -422136278641655778719534353326538752.000000 
1657820637145570678562305006165295104.000000 -704356036220921517665829371099742208.000000 -562238708748772414313007064937398272.000000 
2188922311514373789745487309573193728.000000 -930398926890586597716984001776844800.000000 -744939930316059356466913877449244672.000000 
2877697122942887304122406961443504128.000000 -1223553907009082317997743277642612736.000000 -982503685411242898989671139275440128.000000 
3767128878443046972643749709190529024.000000 -1602153719932159280908913321460105216.000000 -1290340139478471567667553942366060544.000000 
4909604908648735014364354081279967232.000000 -2088578820181058963999235954412879872.000000 -1687482698401377623891413841743970304.000000 
6367818968593186821056509532096692224.000000 -2709653145167664046515910250986471424.000000 -2197044111190369006480013486815444992.000000 
8215257800061488229112157978270629888.000000 -3496875777159898721375750688818069504.000000 -2846599635889265175657442866637045760.000000 
10535938067372894500955257946096271360.000000 -4486351371623357674440668974868856832.000000 -3668394822476000987016948021840576512.000000 
13422958488108256673484570805965684736.000000 -5718236881579838265891279468956221440.000000 -4699232042118989378967351358765662208.000000 
16975354984782054140763883519164284928.000000 -7235491781975629557792793178708901888.000000 -5979861865249990210930007724081020928.000000 
21292658006974505383862655433842884608.000000 -9081682868616572204244883928321622016.000000 -7553663575374743707075854085390336000.000000 
26466522561911805230577908601751339008.000000 -11297583167158741901853032800539639808.000000 -9464364255230867614443194509082755072.000000 
32568973377721906993233110090769235968.000000 -13916374905435085918736952240933699584.000000 -11752563868879847743657766615305420800.000000 
39637307835988952596849261594074415104.000000 -16957469339892434900911441017019826176.000000 -14450950616103118782775509854273404928.000000 
47656476178483864747483215741537222656.000000 -20419271281113987635341241302044901376.000000 -17578298852947568568960433635127721984.000000 
56540626578810719495983226278775881728.000000 -24271566220539547064864703921487085568.000000 -21132582055865630003414994080281657344.000000 
66116414810277047341069588148424540160.000000 -28448567804168651259549823719417315328.000000 -25083791435586053222096663784842067968.000000 
76111633877208077123335279727546990592.000000 -32844025808474603645537029204163428352.000000 -29367345510653400922673036885128904704.000000 
86153395250060697315499298395728642048.000000 -37310032046936278382822015311720480768.000000 -33879248601858609394998379697215111168.000000 
95779891032680415009243304811273650176.000000 -41661033833324583736940167507168198656.000000 -38474245525923154341433016178685509632.000000 
104468185176123149183545962828031590400.000000 -45683876777078064055085196324928225280.000000 -42967994604859534941913385072016228352.000000 
111677235533794376876278905835064655872.000000 -49153384053876286548678706769575280640.000000 -47143708769388554699285199874066219008.000000 
116900800848893872727677788128446251008.000000 -51851247810926913213171235890384601088.000000 -50762910183181630983619944333524860928.000000 
119720541739447348371226087433628024832.000000 -53584586852594697706073046497550663680.000000 -53579368827736921950026333134056849408.000000 
119847504371465771333029376511656853504.000000 -54200457058273589672330623790220312576.000000 -55355461451216762863029602659394912256.000000 
117143298685898719149343996056594022400.000000 -53594791197615771640285868504834375680.000000 -55881009640728971904893829257749331968.000000 
111624825981551200397933322355121061888.000000 -51718855716764374520842776640384663552.000000 -54995802015542289053501553941648769024.000000 
103472872756937589788390345689480036352.000000 -48590834387524572098657452375362502656.000000 -52618811280278827749132432884472217600.000000 
93058043089989957721421417191443529728.000000 -44316476306227281911164102470728155136.000000 -48784769946261427374318663614246944768.000000 
80960546245205427220161786407360135168.000000 -39109722550248747637680408783310815232.000000 -43678253826817139430502160413654777856.000000 
67934740854768281364282993946390429696.000000 -33288444259681612287633968750015807488.000000 -37636484291759183817516895154774999040.000000 
54808449888925117111692681321516105728.000000 -27234479256490100485696185993615376384.000000 -31105361280063152112118810426015219712.000000 
42362755324158483952334516760856231936.000000 -21337157571118925548607063405077987328.000000 -24568165947443188498874746187238342656.000000 
31233800431327337683738458470920224768.000000 -15939608655911232357512305048920522752.000000 -18470102898599107940318926706208407552.000000 
21847778597811447934960798241489158144.000000 -11294201129305399761872315861277081600.000000 -13151520743791449963031671003162869760.000000 
14398565498086314594961322497661730816.000000 -7539093205705946455375945820689924096.000000 -8811512081396566372283312183749640192.000000 
8867593074681242681801669676026036224.000000 -4702326792666734015736925166250229760.000000 -5510783992787948497712616837352521728.000000 
5059688601552152460776901899102191616.000000 -2716773461200122700357001218051014656.000000 -3189709534412983446639552276690108416.000000 
2652507561485269979389605196859441152.000000 -1441729883108829770089795131256340480.000000 -1694664852337017066991997274799734784.000000 
1267739231018153191981880739819945984.000000 -697285862621456971151106533922701312.000000 -820160623148349624283136672984465408.000000 
548222867821239751997569679432351744.000000 -305032862886124998973714403086565376.000000 -358907176536387841136411297529724928.000000 
212771687934067449992860010939416576.000000 -119720626672043712626478541759840256.000000 -140886655022933770966368514453012480.000000 
73418392676582052464122081562329088.000000 -41761794202189104028773754523877376.000000 -49147819653427724028265650599231488.000000 
22265528534689374493236899105210368.000000 -12798734504047175205807389835001856.000000 -15062579405711198769797216075776000.000000 
5849681744187836837929111779278848.000000 -3396584412256299378976865432633344.000000 -3997388583198793382795599276933120.000000 
1307494732843148599838131877838848.000000 -766494117023258481393800969191424.000000 -902075824129372801214294490349568.000000 
243163619139262268715127288102912.000000 -143838250694854223105192871591936.000000 -169281164126582744221435411038208.000000 
36641796725146465818926737522688.000000 -21856808538649634588442927038464.000000 -25722963033458632740945602281472.000000 
4337200160478780142421425520640.000000 -2607258153846609933528048074752.000000 -3068444553379814269216001884160.000000 
389074909261664098433739259904.000000 -235575606858422473970140839936.000000 -277245537311945164786254217216.000000 
25374494733302667695041282048.000000 -15467338902013775446099886080.000000 -18203288285496982198724591616.000000 
1145644481224969946086244352.000000 -702785776119647263818514432.000000 -827098453502372989364076544.000000 
33763884141406033079697408.000000 -20836600586095214739849216.000000 -24522294996010224783982592.000000 
604507196694189045710848.000000 -375151529139497609461760.000000 -441510429100521772023808.000000 
6019646726086521257984.000000 -3754877149360255139840.000000 -4419060813203676069888.000000 
29939304414740926464.000000 -18759672720726478848.000000 -22077988517630365696.000000 
65361771893220296.000000 -41111449070997512.000000 -48383472038390608.000000 
53768412650998.898438 -33922788324184.453125 -39923240786598.687500 
13957234712.407534 -8825569341.197765 -10386685390.371201 
936922.164726 -593215.692979 -698147.001445 
12.923982 -8.185028 -9.632842 
0.000027 -0.000017 -0.000020 
0.000000 -0.000000 -0.000000 
0.000000 -0.000000 -0.000000 
0.000000 -0.000000 -0.000000 
0.000000 -0.000000 -0.000000 
0.000000 -0.000000 -0.000000 
0.000000 0.000000 0.000000 

821966728965022542287771533312.000000 88794610840938898341488492544.000000 -91554207323190198400043712512.000000 
2601745800409753726521641533440.000000 280098199845992276924615884800.000000 -339222827225190566439898054656.000000 
7683928101453792532077071040512.000000 553790204671295756047298330624.000000 -1134451257995631730631641137152.000000 
17332773180111598895082835542016.000000 772255330776886881457625104384.000000 -2666205433868384502089152200704.000000 
33513697773592563004762281213952.000000 1061561159156123052347955871744.000000 -5247311660314806303200043335680.000000 
59797349859013584675611562999808.000000 1456033914358929517534391566336.000000 -9454937463691857290537159622656.000000 
101627593475584132050232622972928.000000 1996233108167414368735831523328.000000 -16169780745103983999148391137280.000000 
167186734212389851892548338974720.000000 2735566301062513215478305914880.000000 -26716398774023036807290715897856.000000 
268693545307207673961538847244288.000000 3746565890596264516277638266880.000000 -43074308825082854806452019658752.000000 
424310772867282407547884154126336.000000 5127462507533624413141696774144.000000 -68188110606432097083999012257792.000000 
660924902562045294454716613263360.000000 7010593531348857931472385867776.000000 -106419686129159556311386557513728.000000 
1018183187205531526762034616074240.000000 9572819910912577842914051227648.000000 -164205408281135912598507878350848.000000 
1554334783798862672388777192718336.000000 13047578310150626621052510273536.000000 -251007877685476016183816522563584.000000 
2354645296126713377139119886434304.000000 17736964390540736258404603920384.000000 -380688395942431904936973790347264.000000 
3543453662622520470376642621997056.000000 24019627028692109041036142051328.000000 -573475959377174863218871805935616.000000 
5301332872051633728390526937333760.000000 32345235179321114201741565362176.000000 -858773618424805767402698429169664.000000 
7889311225361989653735893182185472.000000 43197461034311899394283268997120.000000 -1279124948022973618969372172222464.000000 
11682706718835252514875818475782144.000000 56993525827673967034416721035264.000000 -1895760901681497566595601827627008.000000 
17217801434508737139558254511128576.000000 73868576227019857264189598859264.000000 -2796255081449896905703859788185600.000000 
25255271682934623023308586287628288.000000 93264256252223139101623533436928.000000 -4104922003633746908764778417618944.000000 
36864781424677749270920451386769408.000000 113181048758165590985642201841664.000000 -5996668322532000000585388901007360.000000 
53534722913983458291670574855880704.000000 128786053308835519572718737424384.000000 -8714945222376525272635342231437312.000000 
77307651924847879946676182248849408.000000 129604460233779500520229044224000.000000 -12593803518593190985328837013798912.000000 
110930675208183114872957919524028416.000000 93903769513502995338890011738112.000000 -18081382018245626017025838173650944.000000 
157989407827807600050987204700274688.000000 -18817578716599951894333089644544.000000 -25756697619216237929175918808399872.000000 
222997821878029154791448508375236608.000000 -267956097378585920208213469298688.000000 -36332114321293941661782720255098880.000000 
311488228792635441962615406602485760.000000 -716677887288878249190738674843648.000000 -50651064726561037998046111810453504.000000 
430214598435173790525285314966061056.000000 -1406125173167250160847125338914816.000000 -69707726348272367944800261218762752.000000 
587610829067422322980709755250540544.000000 -2329945798871159804917836945555456.000000 -94727019581849400660213129000517632.000000 
794610307831577275460154893654818816.000000 -3443671330454649789983932345745408.000000 -127334963082204940297254996520468480.000000 
1065716944815048108846085448589639680.000000 -4737939642149298720162341881643008.000000 -169766453263806737877207297709572096.000000 
1420038388415739814588160427786502144.000000 -6308676088083370429291790598144000.000000 -225007702439947595658917279847940096.000000 
1882248085760952015931782796717064192.000000 -8341540451152827172636188148236288.000000 -296902079491411426485213253609717760.000000 
2483698844538458126458532295922941952.000000 -11086183475340108215999981122748416.000000 -390279116879821781296278022498811904.000000 
3263671327310415441086023314536660992.000000 -14843343175768099339935948711395328.000000 -511079617096084345207362185351659520.000000 
4270652582252287643647273858334982144.000000 -19961630949713975175372978278891520.000000 -666495440303794769087363601762615296.000000 
5563560548634264241973062527029870592.000000 -26862534721745217352242621807853568.000000 -865104523457805209028239345164746752.000000 
7212697825570237821410429860900241408.000000 -36064106629104125538546121818767360.000000 -1116927132638987892232834432601423872.000000 
9300148640703005673383124077125828608.000000 -48184967157465245137460519973683200.000000 -1433335967608348152528681919099961344.000000 
11919215812254742645229250994562400256.000000 -63916582935965844549132195276521472.000000 -1826742969754163698901362542766981120.000000 
15172377121229006164737774821759254528.000000 -83946994504595312641026236667133952.000000 -2309969901110086182881485585513447424.000000 
19167150618223580267429829148143517696.000000 -108816792385423006515069685256421376.000000 -2895197963842235497039057449713139712.000000 
24009160111980615132763762201378947072.000000 -138687374231621171175533274067894272.000000 -3592382976252343217383443269932810240.000000 
29791652988685353396969470226816040960.000000 -172989157229635467959383105128628224.000000 -4407023373434910155688996942343307264.000000 
36580906162725402415063840504628117504.000000 -209887538977691135988075549033496576.000000 -5337210286904747300651557710045642752.000000 
44397558895590961846074920801620983808.000000 -245488796978283954745561752241438720.000000 -6370027780745870768922629833941319680.000000 
53194941864654193017002838198103048192.000000 -272763524971458790981700949123268608.000000 -7477625525815466648381958989847461888.000000 
62836697262057210839905285472472006656.000000 -280282608946146688388546066389139456.000000 -8613595077442756015025556658484936704.000000 
73077261780106538820542883149717176320.000000 -250976540333064207176710039307026432.000000 -9710586909064424452042599363388637184.000000 
83550115080262946850746016627333005312.000000 -161259952635624989291731692843696128.000000 -10680405663155829071277248480121192448.000000 
93769736038249426360420040491986321408.000000 18929341268687334248590711411703808.000000 -11418035181803696452640211932832333824.000000 
103153120169660402318329115777209204736.000000 324394202365718758572208991777062912.000000 -11810949453474202992558082689521942528.000000 
111064649263444773694029258541987004416.000000 790326422062777178955214367360024576.000000 -11754398137410362820411620042832084992.000000 
116883419608252563949152214352398385152.000000 1444565021660826996361704755660062720.000000 -11171871029931443043455622182846070784.000000 
120084913465323739985261761718875324416.000000 2296427993094725313807685913388515328.000000 -10037605972871812503020002285736427520.000000 
120320872040928185338929582076650848256.000000 3323647844070874407567852925611933696.000000 -8395205263960906416579537841948721152.000000 
117475298895352942698177258692378886144.000000 4461493383749720564011742727019429888.000000 -6364184998753367968959874372158357504.000000 
111676220336095855906136472005216567296.000000 5601261302244391151916995845132648448.000000 -4127256692448699074852270872742330368.000000 
103261768339969256589438484453827543040.000000 6605304887818319689727669335635263488.000000 -1899103279525749831418114334028464128.000000 
92730785411975567259324989913176211456.000000 7337162526346518940957665617405542400.000000 111398304219084067063392258767192064.000000 
80711779227473340745558910052429987840.000000 7693452092272443239836835435337744384.000000 1732825585196663390400827160421990400.000000 
67936769490345863114812911525363187712.000000 7625428685423682698561482018225389568.000000 2854657840663484301508794314875994112.000000 
55176689729257973117758865401222004736.000000 7147239764981347891255811574559932416.000000 3442647808560850461216071584927711232.000000 
43140001881403920046277624344216600576.000000 6331117604113009368681187954338562048.000000 3540686587565118290785362652832989184.000000 
32378456475247439861197812202551115776.000000 5292989322591262817289244405902868480.000000 3256494332345184900004307599473246208.000000 
23237249992609625665321372286871142400.000000 4169265372428022451086236202035052544.000000 2732948515994110752962752034103099392.000000 
15857439180581625993850260931349577728.000000 3086873961193097964591239677991714816.000000 2112200226465849345798289163871584256.000000 
10213892294451505823555238385290313728.000000 2139078257547438026412460229361926144.000000 1506941910909683199252698873253068800.000000 
6156929327141201255407947917454999552.000000 1378378077895928925922550484041728000.000000 990013632317952441605890840568266752.000000 
3443104377248526189168500433418715136.000000 819668721156978462003181191650344960.000000 595951859448340756305775283333496832.000000 
1771214120912408438451655372049481728.000000 446437014858985810794807463218511872.000000 326895653935009300605595123739262976.000000 
831403956283039592336516579856482304.000000 221167356433047422260696906345742336.000000 162540108819443479646622868188430336.000000 
353234154518328904194888108865486848.000000 98996552478426537242052698298122240.000000 72871587069381088977061483177312256.000000 
134658708285936656516365684683309056.000000 39745661694265024968861768250032128.000000 29272888476342014604016383395102720.000000 
45600620000246030494386077252452352.000000 14188121687141235048785373908959232.000000 10450767536016371790189430933815296.000000 
13553355819069123903361104989913088.000000 4453694033814953747270579647414272.000000 3280483165665107962339319808524288.000000 
3483627118740393661951575211376640.000000 1211921273823331238346580570406912.000000 892652699095150171227091067994112.000000 
760300037849127382764747373936640.000000 280705283876347763306004899430400.000000 206754423033611128009739097604096.000000 
137807840081410370256789422735360.000000 54099908275585310240511897894912.000000 39847388814416065707410815188992.000000 
20206563079801182749727957975040.000000 8443112065949404928249847349248.000000 6218788469241499638493006004224.000000 
2324781297341990420577081360384.000000 1033681208190674444828121497600.000000 761359631033845420904069201920.000000 
202595257164457437416044625920.000000 95711928050240367595804950528.000000 70496781432513629289067839488.000000 
12835920819661989805085949952.000000 6425232155579564648604631040.000000 4732515540661416236498812928.000000 
563262848395210085569134592.000000 297593553420292661650128896.000000 219193031825190456660066304.000000 
16145086266214056430927872.000000 8961405199946210720350208.000000 6600538058081111898062848.000000 
281324476834464946716672.000000 163201245311063117791232.000000 120206151464769156022272.000000 
2727695727364438753280.000000 1645060887396985864192.000000 1211672360846897971200.000000 
13211071624781207552.000000 8240642417767069696.000000 6069659019752344576.000000 
28078935098122800.000000 18030076066710324.000000 13280082823297984.000000 
22477052764915.175781 14795982360891.265625 10898005669952.949219 
5679611703.268418 3817328095.001636 2811659422.719978 
373557.214336 254632.279656 187549.833445 
5.126394 3.506761 2.582910 
0.000011 0.000007 0.000005 
0.000000 0.000000 0.000000 
0.000000 0.000000 0.000000 
0.000000 0.000000 0.000000 
0.000000 0.000000 0.000000 
0.000000 0.000000 0.000000 
0.000000 0.000000 0.000000 

461368807946043081173820768256.000000 34838128613742455040782630912.000000 116556874231523999372200116224.000000 
1465510415823385570941874470912.000000 109392250369289037430581624832.000000 388749171293571923780925652992.000000 
4734003153367205877083661139968.000000 376781713424981467994083295232.000000 1285548393082296770611300532224.000000 
11157739163135695685072390717440.000000 922995564559501969744436658176.000000 2992678272221546659022454652928.000000 
22003722796445139098586878836736.000000 1852669204198322840541247569920.000000 5870024034345306535892124434432.000000 
39695720740054405998812166356992.000000 3375276226757626214664120565760.000000 10558442835293112156560245653504.000000 
67939414749558851264428051005440.000000 5812465479094519922113850114048.000000 18037015319245245542171890679808.000000 
112311413649437939590802373083136.000000 9649249993892609550254964998144.000000 29778738021462214929097903046656.000000 
181146513067205524447042639757312.000000 15611066114257543911002666434560.000000 47984681306334800566342087868416.000000 
286843595624639586033864441593856.000000 24777729943554206158254403223552.000000 75928540402542477233412701683712.000000 
447769831758285208352802834743296.000000 38749694205158976443843923148800.000000 118458997276697301749029039767552.000000 
691027910495640975050049130070016.000000 59889737849267372678152798076928.000000 182729688368796844719980008177664.000000 
1056462899563894784281393976311808.000000 91673051366956115618582088384512.000000 279256071179453075951663636807680.000000 
1602439574592028942925373095542784.000000 139192230503809968477459233898496.000000 423439148944557725697006809120768.000000 
2414129686519820685182693952978944.000000 209882094622902430303662131642368.000000 637751048564744880329306325123072.000000 
3615323397389941043390840311906304.000000 314553716440416107649298249809920.000000 954850084843440487265614092566528.000000 
5385127892471784801504473441632256.000000 468858763329595331441773344980992.000000 1421985596010680827193624153292800.000000 
7981338651563397896744765017292800.000000 695345284621669337192588887719936.000000 2107166404273210695554496056000512.000000 
11772750913696861908643070162763776.000000 1026316004010420736465864616837120.000000 3107700230215108127144190188453888.000000 
17283182383147972811128222131421184.000000 1507762810116344964080165491572736.000000 4561860686737018485021900412026880.000000 
25250385898338202818097235099648000.000000 2204727015742088524963033213042688.000000 6664581602459761149787929824985088.000000 
36702935197175215786860855682924544.000000 3208510339401886711643321357303808.000000 9688123515184242387005825274085376.000000 
53056275985681305900417055809601536.000000 4646201132351495255953887717228544.000000 14008304632007097646944590946631680.000000 
76221802859871061707751912669970432.000000 6692922554316697516642455588438016.000000 20135252221812672928727108056776704.000000 
108705742083242810748136977569153024.000000 9587012523565559146402393897304064.000000 28744032700897618818327719354302464.000000 
153669116401027282407338570533568512.000000 13648606142135588896396176024141824.000000 40700902597455662836312619794563072.000000 
214973376253418935813949508705845248.000000 19302026645933488296008771694493696.000000 57091452543229185346380363651350528.000000 
297294695071071769939325515758305280.000000 27100304987442048553323316836827136.000000 79264052469093846335566601726722048.000000 
406417723490274204307955368650080256.000000 37746837493846228918068325436620800.000000 108904068647726165770932362753867776.000000 
549823178908946152452121852096020480.000000 52103532583645685505219801892519936.000000 148150058004711182168939055848357888.000000 
737511684593115099383638391800201216.000000 71202838173794671528021587281313792.000000 199760328586709006087812052571652096.000000 
982752794655948171870404071833731072.000000 96347133672567259345113943770136576.000000 267344140335225222608516823182737408.000000 
1302706106813918473623253504176947200.000000 129285181353252012486780455284113408.000000 355630681246205626846757578566795264.000000 
1719158298570052212811404741038833664.000000 172368087060922480286766555805515776.000000 470737253396403504182941470859198464.000000 
2259384539538864590953793240237604864.000000 228669841935317519191079403628003328.000000 620425962115018272090141781932376064.000000 
2957050704237381929454288323116793856.000000 302120536112263147276546385693900800.000000 814385077937447955667685189863079936.000000 
3853077111550280917321119131871739904.000000 397673611459493828009651647209799680.000000 1064537786574088604989255200114999296.000000 
4996307062816653246235852254211997696.000000 521497841586367607447019865463848960.000000 1385333468418869519202286992541876224.000000 
6443774784400663800208711924750221312.000000 681187867488057780742452476723068928.000000 1793979594430159315697502380783304704.000000 
8260285642017357750351817080865554432.000000 885982244175021051333176593464950784.000000 2310549882080836734621812352115277824.000000 
10516933933165014341333514012959178752.000000 1146964718288566003371548506924777472.000000 2957877767864485064368350404043341824.000000 
13288121874064702824179698700793151488.000000 1477213092733985127548506389694382080.000000 3761121841901677456623336953282035712.000000 
16646576127651362829941508107285823488.000000 1891840091946636136167822542438924288.000000 4746857544986819168913422392494129152.000000 
20655821721239494515853791990504226816.000000 2407848919618922099987232373514174464.000000 5941522739185983225801081135801827328.000000 
25359679233229081196915883232246890496.000000 3043716970792764501874084165489524736.000000 7369057330140604580675581339603304448.000000 
30768765916852805012117771662135394304.000000 3818624776457648730129174910241603584.000000 9047655257144106344112448263933657088.000000 
36844755238862946201156211922012471296.000000 4751235870120878671363753064175501312.000000 10985671428482389399716874975918948352.000000 
43484106216294258321351247165371973632.000000 5857895046370502402052767471949053952.000000 13176862582312533561296324768200392704.000000 
50503959760415989944524906598504595456.000000 7150091947431777046800538156266422272.000000 15595311715762989019605738610497683456.000000 
57633924476316401732404687351536680960.000000 8631067503179100785816274720539017216.000000 18190624488483506444660308781633110016.000000 
64518326599374028445741690807591632896.000000 10291519650064063049321273965219414016.000000 20884255535459709498340334087046168576.000000 
70733523610773559392941876414599135232.000000 12104508806718810320604814379929567232.000000 23568037815769907699085836913068736512.000000 
75823368305141013281860384053111291904.000000 14019940373335823038939046434362621952.000000 26106086210352737819725494538544873472.000000 
79352249690831664896014155033306202112.000000 15959507560467699039822128276052115456.000000 28341152769521621974314446867371393024.000000 
80969216384801963103860807663886532608.000000 17813741822449413428159786761041477632.000000 30106122133221704460439827311279210496.000000 
80469826438487417953912939345854070784.000000 19443772502143112102506776759210344448.000000 31240594836195152324410691113078226944.000000 
77836844952927735332191310818425438208.000000 20691212249966186627093468465969758208.000000 31611175032977775622186820263246561280.000000 
73241335051843134104793774047222562816.000000 21398687049552152341108363109504909312.000000 31131892985093644837940353920298647552.000000 
67001579526602130635034085868498321408.000000 21438746613547238401548371532114296832.000000 29779823398242397780581484554530848768.000000 
59527457153175492076900796996444487680.000000 20742637714658492730378964999195328512.000000 27603931536416246215592116880324689920.000000 
51284133040400965157499444528706224128.000000 19321870229789165272139631282679185408.000000 24730280364184168290838972463507832832.000000 
42767762963607014659798222695447920640.000000 17279413605133731901118962128671211520.000000 21360897295823469987016311867422277632.000000 
34463136430350509990733580943396700160.000000 14799831472315741973654392224293584896.000000 17751767885871446990551044700313223168.000000 
26784862328942824968827926033597464576.000000 12115608876428756619197941761638924288.000000 14168583459009136302529387893056602112.000000 
20029054309132002037660863278587314176.000000 9461664463493552298365192103293616128.000000 10839806394480154215829725421989003264.000000 
14357197046072008251071218459231649792.000000 7032300012524113447956528404231094272.000000 7926060558741944795254659376473964544.000000 
9811747903944924330285706292181860352.000000 4954832383941123065590821356161728512.000000 5513140541306174824642948264112422912.000000 
6346188041700283742568852249234112512.000000 3289114285898807690489363894340943872.000000 3623595715914569236698657280571211776.000000 
3851640807773510888725569979593785344.000000 2041041813580973226008096027439005696.000000 2232377180721873060758334143627001856.000000 
2173949126706086971090816954020134912.000000 1174214297941949955689846225990844416.000000 1278055967996466917821326886654967808.000000 
1131133099035815863469345792579338240.000000 621246112116428206120198547362021376.000000 674188172383271201335078024663531520.000000 
538023487777228776003596535038214144.000000 299955431545375863700170707530940416.000000 324996043414477147798402228396490752.000000 
232020973341783370509461744592617472.000000 131154900890921471125451318560292864.000000 141997220580464120110110182383550464.000000 
89926311326827167725772443874230272.000000 51501069924676937647235661077413888.000000 55742549980456739780084300888670208.000000 
31013948787139300572959751100432384.000000 17986056328316661869124584644542464.000000 19465762386409043783084132628692992.000000 
9405551852059519874802550537453568.000000 5521256224639141261235591810383872.000000 5975412235811586590781232602152960.000000 
2471817643593987214385755304493056.000000 1468150469016582718580209261477888.000000 1588915902619896334715225269862400.000000 
552786972447250786535321662128128.000000 332052490345993053280660147404800.000000 359366453296650809966228169293824.000000 
102883645705909928944441275449344.000000 62465680175516078548074981490688.000000 67603998364299656483947654676480.000000 
15518671703922405671174194331648.000000 9517303763947879137813247033344.000000 10300180992683792499764040302592.000000 
1839155046041847585223393411072.000000 1138545681595975948999229177856.000000 1232200516746995320682736254976.000000 
165222138524887875740799860736.000000 103180233861020667622492995584.000000 111667664761273383872064651264.000000 
10792975921038988152930304000.000000 6795399452437221924285710336.000000 7354377476949361550793113600.000000 
488167371280768563167625216.000000 309708273640305318598541312.000000 335184350534126614515548160.000000 
14414323418716423831158784.000000 9209590643031191920312320.000000 9967155937056796455206912.000000 
258579329056882152177664.000000 166268080443811612852224.000000 179945010519286849994752.000000 
2579982807749580816384.000000 1668190990541940064256.000000 1805413549852655616000.000000 
12856217338544883712.000000 8351124553104277504.000000 9038073883724537856.000000 
28116208353566288.000000 18329497470353208.000000 19837250819952624.000000 
23164448746805.578125 15140585006397.529297 16386023829541.140625 
6020426148.978672 3941625559.525628 4265856987.575077 
404448.209949 265018.508886 286818.481587 
5.579666 3.656756 3.957554 
0.000012 0.000008 0.000008 
0.000000 0.000000 0.000000 
0.000000 0.000000 0.000000 
0.000000 0.000000 0.000000 
0.000000 0.000000 0.000000 
0.000000 0.000000 0.000000 
0.000000 0.000000 0.000000 

351274031041314487176901165056.000000 -63162975349251615663708962816.000000 71831962807624748944110649344.000000 
1094890822046034828087040933888.000000 -200050722500162757478582321152.000000 231016837910742108375347101696.000000 
3645519883702156294372796137472.000000 -683951331075124659634997035008.000000 738526052411000036882695323648.000000 
8815640254048515469410517909504.000000 -1703956401019640321660145369088.000000 1689158990327368187764648443904.000000 
17580534640211655604727816650752.000000 -3442509616956763339910908215296.000000 3286590047710535938212125212672.000000 
31911195750473021413266051563520.000000 -6292966696652875135220902264832.000000 5884896945818150033792425787392.000000 
54826877439510296966859950391296.000000 -10859612905426348792514179235840.000000 10024245441475930334741055668224.000000 
90874782912704479368232872968192.000000 -18053678936988283026125944258560.000000 16516801524371173102387715899392.000000 
146854241765184352969734259474432.000000 -29238438371370862527135113805824.000000 26575729508498802202135440130048.000000 
232884011806761482600012085985280.000000 -46443656806585605619878127992832.000000 42004804042989466973360235741184.000000 
363959046613463405856410992377856.000000 -72678545484851908405088548290560.000000 65474783113763898219797451636736.000000 
562213519978763817161373954080768.000000 -112386904843608874192334875525120.000000 100924862663733050103283117457408.000000 
860198755956895091061699727327232.000000 -172106768852777068511333846089728.000000 154143672280363440840526056652800.000000 
1305611524184519610902593757249536.000000 -261422625368116609997817061048320.000000 233606476275744920482661615534080.000000 
1968080066094766446316720823992320.000000 -394333384605098214488781331890176.000000 351675201213111310738613161951232.000000 
2948842288368847335982131620872192.000000 -591205947498322584944044031344640.000000 526307284233505248391268162076672.000000 
4394439986566759780058978523807744.000000 -881544317148591943145716554137600.000000 783469306680928568733456029188096.000000 
6515905374485117522080082339823616.000000 -1307878390332774570710699381620736.000000 1160512255017777773570888101265408.000000 
9615321138138779206419109732417536.000000 -1931163606529162919566875276869632.000000 1710836210146417746812453234147328.000000 
14122063705053692194467136063668224.000000 -2838177851587461073221813593440256.000000 2510250518962899538974547262832640.000000 
20641404304362795250046170434633728.000000 -4151490727225009971840780364414976.000000 3665507166791715662267208773402624.000000 
30018140130961760207358268891201536.000000 -6042610092794840164708616058699776.000000 5325495053298525663107424221921280.000000 
43416613093630181210757170936676352.000000 -8748713737649014263835553741930496.000000 7695362952144898410549365698461696.000000 
62413094129665399766348120832606208.000000 -12592423561571708902605864262696960.000000 11052944966899311109044730660388864.000000 
89082550472482937207136331476500480.000000 -18001382630909716453167727548301312.000000 15765056427544101250933156483170304.000000 
126053514161028576091617887449513984.000000 -25522312071400904114046474859315200.000000 22301792038353803518359968306692096.000000 
176546379257453387634926254091665408.000000 -35832163469635837213035878965837824.000000 31252581735616849505054934138093568.000000 
244461670200905606719807173540446208.000000 -49760167874580053746596050349588480.000000 43350675973516390075667033519816704.000000 
334606443514759208604610787098492928.000000 -68339534422965418132039433994633216.000000 59513361302038001456035633016340480.000000 
453157310012003145743820358556844032.000000 -92910115834733456702659008296648704.000000 80902743659194522652268512837369856.000000 
608342436741892682324300614053396480.000000 -125259066888599211942870898131861504.000000 109015276305297016117055603760693248.000000 
811105454415461755258006836227342336.000000 -167733066836863975883119798719086592.000000 145811111502582674071548537820151808.000000 
1075655798755784101342160461175455744.000000 -223323154616091045994838540519735296.000000 193862581569110504475234858157735936.000000 
1420092318107997152083407951833858048.000000 -295817923408591627988595930279444480.000000 256491510752253090159379305396699136.000000 
1867109944716068474230043034901282816.000000 -390039117701422681635805204863516672.000000 337900973480065578691714189136756736.000000 
2444749398666886093371682419254493184.000000 -512053594567863999250360735285379072.000000 443328328676324152121815926015262720.000000 
3187146030517486687302548342496559104.000000 -669349273425297620462939923577569280.000000 579208749713780488347930199987322880.000000 
4135132419800737011416699565506560000.000000 -870996181893408244977384550553354240.000000 753326682883774111461382839282434048.000000 
5336521567497437329247106378636460032.000000 -1127773845708036376587439077584797696.000000 974931888965323641735034013990518784.000000 
6845835521894037618322277267314573312.000000 -1452219491638734438596333490118066176.000000 1254785683575659159346292875560222720.000000 
8723168441964369430199236802738388992.000000 -1858534543216190899230668032615383040.000000 1605088477594504604214716474316554240.000000 
11031819250617998244202176953513410560.000000 -2362278409923729093601146495999934464.000000 2039227232769420034459863191610458112.000000 
13834269217047337176770298297400164352.000000 -2979766158924773153412080009882894336.000000 2571264101965426165454679021465894912.000000 
17186039749517295062733945302740369408.000000 -3727076143293226908004886212008476672.000000 3215074036939200763198412901234769920.000000 
21127034204643938175230153519563538432.000000 -4618579630296976670024892493594624000.000000 3983049110811271383278215323814199296.000000 
25670286575022415769136300863797592064.000000 -5664951664692379281042381878155280384.000000 4884335703206974279066565074554454016.000000 
30788666081851765060000358803269746688.000000 -6870725948402558491831260123085406208.000000 5922642442028304028664618987535990784.000000 
36400878908040704762928542706443485184.000000 -8231592392650565059397550470976241664.000000 7093728584039227952038768884504854528.000000 
42358930267604466240882546774219161600.000000 -9731770411559463795692660285077716992.000000 8382771487290674855472552571295498240.000000 
48440083288714074536680600155965095936.000000 -11341919474661301494696192518591086592.000000 9761940046277899195185490690257715200.000000 
54347138693575384857881602671893282816.000000 -13018153368893872771925202700152602624.000000 11188638583858253880190483715705536512.000000 
59721034735751614886341957697524465664.000000 -14702720893611326185553594715752890368.000000 12604976996680418472312109670990872576.000000 
64168743545342590739662395067705851904.000000 -16326702902186292307359634329494880256.000000 13939034696590779426165406220167413760.000000 
67306701112136762120084783722139746304.000000 -17814589563645367661952332085868888064.000000 15108387560991841702781070993386373120.000000 
68815324004019512800228024083286065152.000000 -19089880076681714983781174618240319488.000000 16026125360040996005070547393015971840.000000 
68494442214141557023339943210319347712.000000 -20080174002106634634500667653947916288.000000 16609227170829870799341137092432363520.000000 
66304316372654559639863239526682984448.000000 -20720052218485153795706930797232521216.000000 16788643652292363813712209281651048448.000000 
62375372141008037689741552412455337984.000000 -20951061982104072551630619712279281664.000000 16519615739434463953836519054165147648.000000 
56979951446645093755746905407904284672.000000 -20721122530808338810153960384680165376.000000 15790137463119678022622707028798210048.000000 
50484480853707688658790623630516551680.000000 -19989565573155223083569334125051510784.000000 14626399563915118441724110430497931264.000000 
43312624827094940405583436449832763392.000000 -18741523858314064055141975210277732352.000000 13095972640266624383326051152198369280.000000 
35918910281662402603577350294291349504.000000 -17006986836466765537699921478775996416.000000 11306443959996211891526311965439819776.000000 
28746497240915173048881030416572612608.000000 -14872530821806456094334830077915693056.000000 9392877273703111485308207379582550016.000000 
22169543237172517727102287920360325120.000000 -12476779109826643900181749926358679552.000000 7494948959763692566532859984537976832.000000 
16445312161898091481375290117817630720.000000 -9992986117864227826691713217230536704.000000 5732897524931074747870558150719438848.000000 
11698291175998754375989522863017164800.000000 -7603534433127955547563719014819561472.000000 4191324584696179164051295928858968064.000000 
7939679164920944800352503990530867200.000000 -5467191774769298646802960184709742592.000000 2915259609752593830057628037246091264.000000 
5104695643161815719906538250657857536.000000 -3690835528795311752592241074632654848.000000 1916130336931879883084552447258001408.000000 
3082722579932974086153783079526727680.000000 -2320919489952268216498147710535204864.000000 1180296630942341215152477324076646400.000000 
1733149803023224865696986357232041984.000000 -1347939035956029519254289335759929344.000000 675314799359901513423563282351915008.000000 
899212250399351372372361368177737728.000000 -717150197859995062885421251611852800.000000 355741666837057326416614705609048064.000000 
426876540672172668115534270819205120.000000 -346944420900969957933667654412795904.000000 171081459020204059385731056750559232.000000 
183840417312544566867902495717326848.000000 -151543185728026886285769225936044032.000000 74491710518109010250773106127798272.000000 
71173911188192980794434024053407744.000000 -59307229853106867726896088590843904.000000 29110392927165013240872010594123776.000000 
24517317191496881444691584955187200.000000 -20607312457317885200653470736056320.000000 10109244357775520615573125949554688.000000 
7423689978705446965883603334987776.000000 -6285764387966814567971524716789760.000000 3083054366106946597197040773496832.000000 
1946753159268564520323701182300160.000000 -1659078717358729833696495411396608.000000 813717899369676676016465028055040.000000 
434080015806469420734506606788608.000000 -372095881369886908503637230616576.000000 182498704992782478050031099183104.000000 
80475325248320344758310034997248.000000 -69344268200523381681870388330496.000000 34010695148452561260872034418688.000000 
12077901292654392395582377295872.000000 -10455423656860246322917054349312.000000 5127983383319837725445964431360.000000 
1422363769022390799322897711104.000000 -1236268473631093003021690339328.000000 606342167121412628431861972992.000000 
126775992046361602559435603968.000000 -110575451156741302861927809024.000000 54233008548630002700451315712.000000 
8200239741699134040328634368.000000 -7173936712595023396205494272.000000 3518540209349727058997018624.000000 
366288151835039231012503552.000000 -321273499067128584047951872.000000 157572302342944820803141632.000000 
10642512224687544590139392.000000 -9355134797140221065428992.000000 4588334030022113457340416.000000 
186938644916257083621376.000000 -164631748352087829774336.000000 80745544534199092903936.000000 
1814494056089490292736.000000 -1600510983244061081600.000000 784989117643475517440.000000 
8724190746588974080.000000 -7705953719991571456.000000 3779474102075071488.000000 
18229273711739016.000000 -16121694910419060.000000 7907071675944477.000000 
14191711853902.220703 -12565781130454.253906 6163032647300.591797 
3452932649.771651 -3060855769.597534 1501232103.350031 
219497.549214 -194747.870878 95516.345045 
2.993506 -2.656518 1.302920 
0.000006 -0.000006 0.000003 
0.000000 -0.000000 0.000000 
0.000000 -0.000000 0.000000 
0.000000 -0.000000 0.000000 
0.000000 -0.000000 0.000000 
0.000000 -0.000000 0.000000 
0.000000 0.000000 0.000000 

437562123499007626329808961536.000000 -54236971722246497197432504320.000000 -20511169790422264017470881792.000000 
1396275175142811332588901236736.000000 -174677504514617965027725934592.000000 -71097587172135780510754406400.000000 
4442263614543771812538125123584.000000 -525642561979556783361615724544.000000 -212802851169714040172397461504.000000 
10423313836523826839866539245568.000000 -1197500869908927949564343746560.000000 -515681481979716335706283442176.000000 
20515853887004985910077150986240.000000 -2326345485007187870896443359232.000000 -1030536956611019557793242808320.000000 
36972394206653298469686485188608.000000 -4161980499146019484679012352000.000000 -1872997763716266343449512378368.000000 
63236144442519263328289249296384.000000 -7085614957819760064888964120576.000000 -3220637029797676553581763756032.000000 
104488218307359933591092314767360.000000 -11670457158982612557788411330560.000000 -5341148953405550881821457121280.000000 
168471671056011997246451861159936.000000 -18772664329173571177388710035456.000000 -8634866035197920532779499520000.000000 
266704259121155217594884605083648.000000 -29665104545277292746154665050112.000000 -13697627606774211983319312105472.000000 
416246721823069163284090113228800.000000 -46232302716556149873090444132352.000000 -21412506575765777369877354381312.000000 
642272325455878615437687144841216.000000 -71253575013478680614858104242176.000000 -33083180724160372116615484932096.000000 
981787207049239672594753866694656.000000 -108812708785530215613249450147840.000000 -50627182983211538436642364719104.000000 
1488994126187753050382925446512640.000000 -164888143169194353565730036776960.000000 -76854796938060997221078228008960.000000 
2242985706420090181407335738507264.000000 -248198612687533431980344794415104.000000 -115869636443960595560977703895040.000000 
3358707974494251438233468358623232.000000 -371406748163272321245120980582400.000000 -173640643306719151730938720813056.000000 
5002458307648447102261717746319360.000000 -552817958750390243594472706277376.000000 -258812991438306800648494853914624.000000 
7413573611180591593512486450495488.000000 -818754167666520521631848235794432.000000 -383847644668766961555207471759360.000000 
10934411894930615894161252304289792.000000 -1206831019431838061949674999250944.000000 -566606270587917607531909105057792.000000 
16051197803670630624033854984290304.000000 -1770420946759663386183025372954624.000000 -832529242969184629937812799488000.000000 
23448679251259507947098034839486464.000000 -2584632776723745187829809074405376.000000 -1217585717998628359257260279463936.000000 
34081445147977099111802305102479360.000000 -3754138113260591148433532151398400.000000 -1772191735518525533348952534941696.000000 
49262971648451511156254495108759552.000000 -5422983211512941292339055321677824.000000 -2566254488620833882154459308490752.000000 
70766676737626111916616284071002112.000000 -7785874058733270432759651594403840.000000 -3695310095860832737224086882615296.000000 
100917863332239173822315258395492352.000000 -11099488434659206391774793217081344.000000 -5287285258601412682916828190605312.000000 
142650642257407431821689595061338112.000000 -15692837287987141123827920590077952.000000 -7508914461154330711419096139825152.000000 
199552241626688183644513387845517312.000000 -21978481028308385465960492555042816.000000 -10571607744654310714093279148769280.000000 
275970931674221225425655940448780288.000000 -30467880005365059499796177111482368.000000 -14738381724737095732866443947016192.000000 
377288689674589388538990103831248896.000000 -41793002393400833389512715461984256.000000 -20332857236089615263967549247717376.000000 
510462240226273295988902315234951168.000000 -56734652405055913036368422010617856.000000 -27753759827349231268136613276811264.000000 
684779812899745458652687198976999424.000000 -76278731326950410979533051125563392.000000 -37512132906456562738594533183848448.000000 
912557333905920498471991578936213504.000000 -101742860357952363673749429638135808.000000 -50294950771611430042584429665189888.000000 
1209722704629963149513654303239176192.000000 -134909152950903595915455027168149504.000000 -67014328750234754417857690605715456.000000 
1596512225530364050550806094603616256.000000 -178098999040799732204744786965430272.000000 -88848825682356464763529996122718208.000000 
2098277322517037068009758995284754432.000000 -234221057731362705602021080128552960.000000 -117298830241794348493263622484525056.000000 
2746316799093678828057968505320898560.000000 -306848691198221358897886320733978624.000000 -154248262291106888429774355143065600.000000 
3578680436937551440333298098153455616.000000 -400331946184275994101864822225240064.000000 -202031266875906243917397807987687424.000000 
4640798200386715233751111037668556800.000000 -519897454385439877782020807551090688.000000 -263499217708194336143772754284380160.000000 
5985743248471048508503755032140709888.000000 -671710551459216620068677593285525504.000000 -342080966495408288092715953502027776.000000 
7673861544581945768455982110937710592.000000 -862874763072524592336971460209803264.000000 -441824449556912223827584206629765120.000000 
9771421691100018274464717019757412352.000000 -1101333837528473147679215923733987328.000000 -567402048612452797718377827240247296.000000 
12347880136588186214308638803493912576.000000 -1395630138879514013129609190035161088.000000 -724056918600451831179053669638209536.000000 
15471293961543711592783820823954718720.000000 -1754459075344010157208823004655517696.000000 -917460367561391053478573207380295680.000000 
19201380880414608396018579270315016192.000000 -2185947683984266272911798322300190720.000000 -1153443024568166440822429819439415296.000000 
23579823749620198451737792778344595456.000000 -2696592195674484419212309998163984384.000000 -1437559624140397339408530356253491200.000000 
28617793970618955498414873735625441280.000000 -3289826115716173084466282053383487488.000000 -1774452734392088018724235067764244480.000000 
34281373128773158796177624865330692096.000000 -3964244333380256130546625317909299200.000000 -2166995877909148159130634660649893888.000000 
40476430061322819017960071646331011072.000000 -4711563656075857772646858030193836032.000000 -2615220008615975554337789088268025856.000000 
47035417696305734529602985211807662080.000000 -5514477036452940501552342817944109056.000000 -3115062395131161381729776868471603200.000000 
53709495251025432835348464085845934080.000000 -6344684708179735690291032346043875328.000000 -3657033199890263793108148721549312000.000000 
60170168975032176201584114585024069632.000000 -7161545890566355327115303124501266432.000000 -4224980471486543053612684367510896640.000000 
66024688433092493797155954299242545152.000000 -7911954308709307309391057246717214720.000000 -4795246262317960046926529551231090688.000000 
70848091121635138007712910624853852160.000000 -8532177843920123547803251821244317696.000000 -5336634858157315510050361136354689024.000000 
74231505598518295837605378742238052352.000000 -8952473779574578794222414043780481024.000000 -5811725913574843659069333589861597184.000000 
75840997751309771137582492272631480320.000000 -9105163292346429692638460376787189760.000000 -6180060585034994509797769856730267648.000000 
75475031835043197927879515852469436416.000000 -8936307134930221392637959699349635072.000000 -6403441465453085456109329411999793152.000000 
73103523733407915627991747858844876800.000000 -8419828447999387880689661125173706752.000000 -6452771462798160824173976707405971456.000000 
68871579600152896951610732692472070144.000000 -7570520045310694609325460086952296448.000000 -6314451530354016837081173903078850560.000000 
63065001432753038769702848328913387520.000000 -6449788838600249290450415758910423040.000000 -5993348819560447821672570322295980032.000000 
56061645624428000566287087949158809600.000000 -5158954536058575077177303658320101376.000000 -5511121594996134087504070593063419904.000000 
48298703222811104411359875274675060736.000000 -3822644293129993513840795924845035520.000000 -4902596612573476459006447140800036864.000000 
40249388759109676983161885099791745024.000000 -2568685497579449122662832372705132544.000000 -4212637231494761352723441112104042496.000000 
32381080287068040463838089185991852032.000000 -1506179346088289268861278161830150144.000000 -3491610443166691579009162840832475136.000000 
25097368160186409805783003066603143168.000000 -704547124766908184130131045992366080.000000 -2787891947889422101034133534936137728.000000 
18690033479465615342792084632312479744.000000 -179383776855859961279875113870688256.000000 -2140209417465797843942935348417396736.000000 
13320917205148701539268028352564297728.000000 105820802431486450858435178940858368.000000 -1574182671667963835224179307641307136.000000 
9034225620941587011697229809881972736.000000 217731441439140651120613290613407744.000000 -1103498856804407445975218869969616896.000000 
5785457325924774494458973442361262080.000000 224513656569628403437858935430709248.000000 -732167201323161467825188736218431488.000000 
3467513979201613062360467570683805696.000000 180391257613000986104561451734663168.000000 -456131132265538823137721016729468928.000000 
1927364945582844832161981550160773120.000000 122707031302123855382691083121065984.000000 -264548232459627373013615913616801792.000000 
984776187821412844677226788414291968.000000 72630632336870937347360411478917120.000000 -141638535160730450144444886777069568.000000 
458643742129168903349621509712773120.000000 37849005295287030753491781574197248.000000 -69438870236798161115993732525588480.000000 
193074736717542896813908403096125440.000000 17454511266604306236928077470892032.000000 -30922210587642628934326928250241024.000000 
72804644243330977576687272068120576.000000 7128379910555180520460910919155712.000000 -12399280669416189618642031625633792.000000 
24336888989202174818918540236554240.000000 2569711998274592778823111695925248.000000 -4431930806851898136632007757660160.000000 
7122387873528614695194453642051584.000000 811593868403368065081595922481152.000000 -1394993806817720128471630507671552.000000 
1797074908937285799836424119255040.000000 221838094717288680704184250531840.000000 -380874385903915866342484294500352.000000 
383584592328945813052988093104128.000000 51571986509342923995282747162624.000000 -88518040437924018476082595364864.000000 
67697515586877331198666338205696.000000 9968732042022841767510304358400.000000 -17109340280124303674634296885248.000000 
9615956805855670094973812867072.000000 1558410331542353490295241310208.000000 -2674681414123094172483509551104.000000 
1065548208243827880189673603072.000000 190698419660422952281375244288.000000 -327293303561495846028927041536.000000 
88863697394300885496206721024.000000 17586691058486951942568280064.000000 -30183816626770041842299830272.000000 
5350177047183213970575065088.000000 1169899414625713505850884096.000000 -2007883647971564465481056256.000000 
221399072763594671908716544.000000 53327766460416420076322816.000000 -91525774711969144257904640.000000 
5935742908238342310068224.000000 1567010929214684953313280.000000 -2689441144791885240336384.000000 
95921029180438763012096.000000 27571792402002240077824.000000 -47321120446024656093184.000000 
855203468001804812288.000000 265593569623125950464.000000 -455834902373372526592.000000 
3777546083376924672.000000 1256899069047610368.000000 -2157200060398649344.000000 
7265515415868343.000000 2567594414832246.500000 -4406729993803146.500000 
5223504089826.375977 1943758560078.141602 -3336048364152.400879 
1179366735.237033 458081367.494738 -786199288.361247 
70771.047316 28322.895476 -48610.229203 
0.948449 0.383183 -0.657652 
0.000002 0.000001 -0.000001 
0.000000 0.000000 -0.000000 
0.000000 0.000000 -0.000000 
0.000000 0.000000 -0.000000 
0.000000 0.000000 -0.000000 
0.000000 0.000000 -0.000000 
0.000000 0.000000 0.000000 

683690663174539951974429753344.000000 -181759329103292288485331828736.000000 -112155097240181376622398537728.000000 
2142330453626855004014441922560.000000 -609616873213392085924750295040.000000 -349112602077375819303866073088.000000 
6400508441339823345133351337984.000000 -1885903860792845520933075550208.000000 -1166296722871150943742680104960.000000 
14677096232914820000676057186304.000000 -4386492931243368363536280453120.000000 -2893770003624830366292440514560.000000 
28600560531317653996036016832512.000000 -8606293840564944559070150393856.000000 -5837774420032276001329845895168.000000 
51257370723061521959176479178752.000000 -15484055042636358366331597225984.000000 -10663542157760713469037878706176.000000 
87360817443366039937688079958016.000000 -26455717058412045190423530962944.000000 -18393269531093970316419865247744.000000 
143999904282092043893401758728192.000000 -43682700703767357604062675599360.000000 -30568423548129362239246059962368.000000 
231764475686498249190274276261888.000000 -70394888426562702133028825595904.000000 -49495007724908236277448559296512.000000 
366400757047699643378554642628608.000000 -111396222776333399795253435695104.000000 -78606171832582979797036619005952.000000 
571224527877828023089867654168576.000000 -173801943387845772465938746048512.000000 -122991316609937440827190018048000.000000 
880626550857881102689590522675200.000000 -268109866521357715413463038164992.000000 -190165463908274898535204467507200.000000 
1345145870014403575850053098536960.000000 -409751466483229977385007178579968.000000 -291184053454463744318706915737600.000000 
2038780537782071696899999421956096.000000 -621328261220138786950780737814528.000000 -442251693492344959060976280272896.000000 
3069467059305231803822186839408640.000000 -935819968993695617795574550495232.000000 -667032394183313150333178263633920.000000 
4594003596388866931828117129396224.000000 -1401157983076831563450565345148928.000000 -999947253164608658490134030712832.000000 
6839127323433201312320981041152000.000000 -2086694921603668329157880449073152.000000 -1490846760577560240595005115203584.000000 
10130982989724067659988864618987520.000000 -3092270520987217987154308646305792.000000 -2211570878802980040257099005952000.000000 
14935820920189406074817169368023040.000000 -4560776024637691965925628814819328.000000 -3265061337117918994099697944100864.000000 
21915387498329907603772381341941760.000000 -6695348583718441928540221681434624.000000 -4797864729880876658928944259530752.000000 
32000950073185489658857945506512896.000000 -9782551766316874240264589967097856.000000 -7017044323718623409295088861315072.000000 
46489646261305433544822497652768768.000000 -14222981073425381058956130630238208.000000 -10212624568247607226950231957438464.000000 
67164152543411309577989731844620288.000000 -20570220065534608105981428923105280.000000 -14786510843803166557237149947658240.000000 
96427684846622380171630543615557632.000000 -29576895012332516640023524856037376.000000 -21287867363267135204163069040132096.000000 
137429137291370842672708161619623936.000000 -42242764766982407780028167393116160.000000 -30452140482488155143387913805365248.000000 
194152082163917213806908792174018560.000000 -59860748148540032025392763730132992.000000 -43237959007402753279554839851827200.000000 
271499676134911915122886186199154688.000000 -84068328389803330708652978092376064.000000 -60863104391905159317714012886532096.000000 
375470159671719577261549570574254080.000000 -116921605334174078908771121259085824.000000 -84850325537851671749277039772827648.000000 
513539694979252892558066074018381824.000000 -161009377784110022211829251566469120.000000 -117091949541611819710476037526650880.000000 
695350281453222725296412794952876032.000000 -219613370631121604865470005464006656.000000 -159944195183004322596854129619894272.000000 
933645254294999631535290691797123072.000000 -296926442917923406806537327496658944.000000 -216392438857804899738615443313655808.000000 
1245222472307158233924984308521500672.000000 -398388272332007472981009434174029824.000000 -290351169633007025302219194422525952.000000 
1651816261037831937769370650918518784.000000 -531098440059635881689236630765830144.000000 -387008744562672669609044768548978688.000000 
2181107689342485605882436225628897280.000000 -704261119687891147014300054482583552.000000 -513144699356882798400086665475391488.000000 
2867873142126781270944144368823435264.000000 -929654075566675422800462248924938240.000000 -677425617172048221235933227312480256.000000 
3755155917487492463417143790946746368.000000 -1222100844714745305902908313455034368.000000 -890723235546789514888159524137467904.000000 
4895405543293610762538011709707124736.000000 -1599968420566828893553354302654775296.000000 -1166494846913864012787159544547508224.000000 
6351410015400410722774088405519171584.000000 -2085666799499622327800317595369865216.000000 -1521169349379129426794950696686845952.000000 
8196779487130540386352212307058098176.000000 -2706103320278065297145253400317788160.000000 -1974492239364854014399685720945983488.000000 
10515635713644475593818015207409057792.000000 -3493003757824859391234770472940863488.000000 -2549765139074317920940107747737731072.000000 
13401051244546765103152230039702994944.000000 -4482970354490751135823013114393133056.000000 -3273882329745280986662712936646049792.000000 
16951700905089991395636734028922486784.000000 -5717113791445075895428344405368504320.000000 -4177039011584508132541919770257129472.000000 
21266095578054066749119614866392350720.000000 -7240045305798906572952139714516746240.000000 -5291946133127228643698138972745105408.000000 
26433719397545970775995288471436525568.000000 -9097970348761054811102311757186596864.000000 -6652347325276265575513672894757470208.000000 
32522525036388572563858461602890121216.000000 -11335631107788024644259889844353761280.000000 -8290625937113347036196747693980123136.000000 
39562727852421538559894336994109554688.000000 -13991929164482535375630602128806903808.000000 -10234341509919935244132071287413538816.000000 
47527698343570706696599157924142514176.000000 -17094191394738329266215948206938783744.000000 -12501636654875888269026319859800080384.000000 
56313790607506992233075978487533142016.000000 -20651183166387062767495555349502492672.000000 -15095578313201580004798116040556937216.000000 
65722035314727251259099599711101779968.000000 -24645162692914922435476129338405945344.000000 -17997661230856169573007735194585661440.000000 
75445782726161087416900970629763694592.000000 -29023556012857719293605980239933997056.000000 -21160955323762406004919659887803236352.000000 
85069353764899823304350046317908590592.000000 -33691185064804828913469087317544140800.000000 -24503728552818941906612763265775697920.000000 
94082858580359435726291247303342686208.000000 -38504331132550610852913391497006546944.000000 -27904767615417656396990830212995350528.000000 
101916867187170845808340513385437200384.000000 -43268223932623536995721759242932191232.000000 -31202015637778171152648103704121049088.000000 
107997034158707006700493317356971360256.000000 -47739790741312227878939326854981484544.000000 -34196511986509218285315117913565298688.000000 
111813049833348066347549460847113797632.000000 -51637583063473559450917092260575182848.000000 -36663762822569361853524281469622550528.000000 
112989674052945342605565446021143592960.000000 -54660537563265376457670230630398427136.000000 -38374300916064369176816674844285337600.000000 
111342249148976629227606185183241306112.000000 -56516221022727799313171302627854516224.000000 -39123628234856805486567358555939143680.000000 
106898846378702200730196049233375657984.000000 -56956675751841253990917388386026127360.000000 -38767442746500256459036185620161495040.000000 
99883989435163404120974769917152722944.000000 -55816475071273065206726473651996065792.000000 -37252012412211871863110848511108710400.000000 
90685147042863994236742484958182899712.000000 -53047443309327519204197373473347076096.000000 -34630062901472406671565080086729195520.000000 
79831939566438138444422222251254874112.000000 -48748994015899806896787752152608014336.000000 -31064220838382956203834612794819346432.000000 
67981382046851095504260939344129294336.000000 -43188825959896895149269147103784861696.000000 -26822049555881116987332587202669445120.000000 
55865794712876316795967860004003774464.000000 -36785640351252437392888259349506424832.000000 -22246325855214928011524508355926163456.000000 
44196086565193927693792826493606297600.000000 -30042039180326447502565865394981044224.000000 -17695613134085512236845957354243489792.000000 
33562080791465160651999970022207258624.000000 -23456821252872193650254277234242093056.000000 -13478173853460967934513032571236909056.000000 
24370245869485709877837134571849646080.000000 -17448457551999359628578096461830422528.000000 -9806283965612938150024966670815068160.000000 
16829340072040615810171035034360741888.000000 -12305474388479141048822975659983765504.000000 -6785559672610130328834668620274466816.000000 
10973824131941643118129028716671533056.000000 -8173971375818575221956004686178811904.000000 -4435784287789876904966598503849525248.000000 
6700263201773938547802300881186062336.000000 -5073345749207748297618034636013699072.000000 -2717254442752920771419563843808919552.000000 
3797342330708464233732272413273489408.000000 -2917485438828040019179012831882248192.000000 -1546609055084397788939725588318388224.000000 
1980842730224387035635482431816990720.000000 -1541720947099250013475479867575238656.000000 -811169473457134546217336285062758400.000000 
943461547391612895077136382998609920.000000 -742880541677763511321934038057353216.000000 -388884165099462698299154977817362432.000000 
407069042554970434879735105910210560.000000 -323912870664259456086405488790470656.000000 -169032357685071895293310530947645440.000000 
157758390895910326324410427606302720.000000 -126748226055391829862086190051622912.000000 -66028239187206929064246870504636416.000000 
54380347982316115422536975389818880.000000 -44083554962261843355734050701574144.000000 -22945497891733700597174811955822592.000000 
16477120171957700705326472221425664.000000 -13469190376590963746634676639367168.000000 -7008252907333137254445695423741952.000000 
4324543561422453898082596096573440.000000 -3562735874827330230227494718406656.000000 -1853529107642948463561527756062720.000000 
965351736456851617359981193461760.000000 -801061355508983116101309765255168.000000 -416742026051259658207790446411776.000000 
179230961319139092439615320096768.000000 -149717204761452461311443586777088.000000 -77887969793819215789453538754560.000000 
26949917634958237658227205472256.000000 -22648069076766702406896845848576.000000 -11782283957028845245002764255232.000000 
3181434005259358568018637488128.000000 -2688192111918572605029031608320.000000 -1398487472427189917394136989696.000000 
284450690815829820622566850560.000000 -241538759170911928695054663680.000000 -125656543179971452629067759616.000000 
18475584970193910634492461056.000000 -15759455854328430612828913664.000000 -8198596166584648975964438528.000000 
829939975541428368508452864.000000 -710913840398529977835847680.000000 -369841163333212011002593280.000000 
24303510341327428761157632.000000 -20900942444460364781322240.000000 -10873369498737519789867008.000000 
431587916611362020655104.000000 -372574781336934206668800.000000 -193825865706909663756288.000000 
4253014259592571912192.000000 -3684817293543927185408.000000 -1916965231329095974912.000000 
20873971333902209024.000000 -18147704900029108224.000000 -9441043218812649472.000000 
44824704331547136.000000 -39096679599220864.000000 -20339400703376152.000000 
36146740079623.703125 -31621490712652.136719 -16450557362818.507812 
9175220006.162544 -8047374659.298526 -4186513521.954681 
604883.803603 -531456.552724 -276481.478558 
8.313242 -7.306766 -3.801224 
0.000018 -0.000015 -0.000008 
0.000000 -0.000000 -0.000000 
0.000000 -0.000000 -0.000000 
0.000000 -0.000000 -0.000000 
0.000000 -0.000000 -0.000000 
0.000000 -0.000000 -0.000000 
0.000000 0.000000 0.000000 

