10529571097003467711234070020096.000000 3734066676841721595925452816384.000000 567503807213629312041800957952.000000 
75636698660054885635857026383872.000000 28502244697604614179337808117760.000000 2460892606473907121730416017408.000000 
287964628810824687858616763416576.000000 110920409572591065711159933927424.000000 7045421824346719922164263288832.000000 
812196749673575180540256339361792.000000 315097527502761246834251968544768.000000 17703288781493580546786591768576.000000 
2026126978412596735803773765550080.000000 788871488598396487000783058894848.000000 41452445490955340325184239304704.000000 
4723959303615856145899459497164800.000000 1843364659453624920281590114811904.000000 92739193792628539873375572459520.000000 
10539066975015402158158109156048896.000000 4119131049714760773515320116641792.000000 200653471183398129681549420920832.000000 
22757587526538201169138593917042688.000000 8906453566330702344566925361676288.000000 422355910310541281192875304943616.000000 
47825469204597122539873688912658432.000000 18739830675828997153435089253695488.000000 866963859096853204131254244474880.000000 
97985175543610239886679183082913792.000000 38441050984634800472483507440975872.000000 1734600528153281547152178500599808.000000 
195358424424900542185042698221649920.000000 76739653195566332170526542014709760.000000 3372268502725575442089281474002944.000000 
376514722604677195487432673396260864.000000 148060930782876979517472011238506496.000000 6371590824411438186149515592990720.000000 
694860149510175521395033879269605376.000000 273296482365729318989778579529662464.000000 11833738938291310003548786572394496.000000 
1223669908249090902746848050116820992.000000 480752202609647266021310765956333568.000000 21771008843273428411629565005266944.000000 
2071813576874927752856763229699833856.000000 812707981710491640046547014005030912.000000 38970618842639725643239187934085120.000000 
3409133993257466606650522613114208256.000000 1335827203057401779349928682364862464.000000 66840867318407578825630021876449280.000000 
5479532780211406529923624618669637632.000000 2145171584577162721253978401954332672.000000 111141973108708971716932431327002624.000000 
8598779073662739787138373510466895872.000000 3362589852261587128584477516264112128.000000 181216349603501826182335993414156288.000000 
13125742010790124975071065380334075904.000000 5124793998985415083744911928047173632.000000 290645625041558337993678054232162304.000000 
19382005112758367742691343977269952512.000000 7550188214845735601516190921425682432.000000 458246918616591047690128292187209728.000000 
27498932840554699290380626911700189184.000000 10676489088381768938163004850162368512.000000 708700015097138949735649763206889472.000000 
37192664513702653886627445584965926912.000000 14370285263171799130815738435654909952.000000 1071374866532244238867335966305026048.000000 
47521361974408239325452705358992637952.000000 18232353549473555850189781918820597760.000000 1574529345758306321820842593504722944.000000 
56760475982223968570187234003547848704.000000 21556420750872694086542599123416121344.000000 2230604347299645013872672973319569408.000000 
62607958864825246086088021358225129472.000000 23429410579971129441016181927410925568.000000 3009043381051290142940998695078854656.000000 
62902746456475471960348156088637456384.000000 23044423432635797232391150972111421440.000000 3801379417516163542099263023623438336.000000 
56753999353640215273569443825290575872.000000 20169192676295720836563481687895310336.000000 4404146331698385629080602691162341376.000000 
45458012730015560952418208909273071616.000000 15488422866613495275747082111520079872.000000 4567715582377474956276698339189194752.000000 
32209588132626504334337378945320615936.000000 10396319479783397883846985383961165824.000000 4143137211822585458682201903806283776.000000 
20318284179989642650514397136890626048.000000 6174898825401022015956994127644590080.000000 3232529574222699785049550474138615808.000000 
11486853271189437355272623895829544960.000000 3311160682499063068594886801367236608.000000 2148908459862532183214086208031293440.000000 
5762880336956606690650684092621783040.000000 1609916552670898555713542530103508992.000000 1204968172341161819301824261770969088.000000 
2487030285510084302684861968582443008.000000 691929380262735959416997732084088832.000000 559809169066299939325599869044785152.000000 
885688293973140505871947237720850432.000000 251289616697568298980771034973601792.000000 210277415619682103297812177296031744.000000 
248747773073775075616803435115970560.000000 73172222837760245112371902131732480.000000 61910544025629646463891413458223104.000000 
52122071648364723166284878677278720.000000 16069130678173287043647134557536256.000000 13631859562468688486130939257159680.000000 
7564172415606876318475034816413696.000000 2462211664912858620172488035794944.000000 2089661742933252566136866104934400.000000 
692705671671434224161845615263744.000000 239175153188286148060931308912640.000000 202994518105426869021812933525504.000000 
35994958108410649855386577797120.000000 13203441787999907764594483920896.000000 11206139945014877317542851903488.000000 
942208137883317910872178819072.000000 366563493995958976457767649280.000000 311112958762420788410099695616.000000 
10755731494015450463678234624.000000 4417367345226819019839897600.000000 3749146456820056102168166400.000000 
43477085583098665341288448.000000 18716605145878986980589568.000000 15885320006767327452332032.000000 
44431241710031280799744.000000 19888166033221417435136.000000 16879657358963085672448.000000 
6914772730188648448.000000 3193303698861213184.000000 2710248506063776256.000000 
83532363973245.109375 39471594129280.656250 33500674883816.667969 
34332909.907902 16395990.205228 13915747.498430 
0.166164 0.079409 0.067396 
0.000000 0.000000 0.000000 
0.000000 0.000000 0.000000 
0.000000 0.000000 0.000000 

5176629230928128706270755553280.000000 899368364085901939862486908928.000000 1233061420957962626610122194944.000000 
40024824150034623496783229091840.000000 7063723989990934017875183140864.000000 10340785384225240030632344551424.000000 
156467095437043388073749541552128.000000 28078928647139404945498883227648.000000 41777959680030555068432920870912.000000 
445134077032338756809818009239552.000000 80307455963542716674562936799232.000000 120088810456122512112180088799232.000000 
1115248263346370426175668791279616.000000 201719791231139044706898352799744.000000 302390492996212701081121918550016.000000 
2607247625521401918252158334009344.000000 472284456764635249460622229766144.000000 709070399098632422509276982935552.000000 
5828252006469513011034825657679872.000000 1056744838917646885687101323476992.000000 1588349173183110500785390704656384.000000 
12606257914720280034784654760345600.000000 2287185885609649457644927549702144.000000 3441068546750171713204435218857984.000000 
26533136737713291046343851072552960.000000 4816656024422034309533178538229760.000000 7253157115657560737477979430453248.000000 
54440719230362304995552340268285952.000000 9890417701544428470038501284380672.000000 14906565798742537207245745025974272.000000 
108668303276935177476273639285325824.000000 19777331200428171167100543023710208.000000 29829788282775567547201796840620032.000000 
209405183508833382877891024287432704.000000 38292691670500226044457587981680640.000000 57741885072929967132683210317627392.000000 
385420002746566347693479257656262656.000000 71131879567373424401105211017396224.000000 107021933105813623975177280152403968.000000 
676318417806571604390776359039795200.000000 126138549890421243990027891606814720.000000 189273244904058576595529123015688192.000000 
1142665040916489010731973618077532160.000000 214829018419596192253170747453734912.000000 321863752098976574647252486499336192.000000 
1877298429102939159870357891226533888.000000 355172969885804682081790110795300864.000000 531497811280850317239440841426075648.000000 
3011307157809501439299004329319464960.000000 573433581124242659933914795199168512.000000 856853270804101080264963925330624512.000000 
4712346727657747921521091333744230400.000000 904500927944609346271478038216572928.000000 1348907541959718014024106488784486400.000000 
7165961608748380283659385342988910592.000000 1389550176931477340578438904115363840.000000 2066845926808798477599881692352348160.000000 
10527680340323127147323250402075344896.000000 2068601002895214197100971864289705984.000000 3066190841741705153880984989667950592.000000 
14836108568094953407614035498111074304.000000 2965463722620491018329655680427884544.000000 4375670305381207984688190113401798656.000000 
19891693221259946656113417196981452800.000000 4064257526513601404157197957489229824.000000 5962450257557864367022110968224153600.000000 
25139349885086945502564017105008590848.000000 5281599560165949413803257972058488832.000000 7693507296452739383096812667322499072.000000 
29637108558668055263411177308551118848.000000 6446676426746162919698906408682520576.000000 9313052294148838632881338909129179136.000000 
32220147458554428079948417216270041088.000000 7310521263092729454394337292934184960.000000 10466971697075743794432477209781338112.000000 
31918639053583745976854254519056334848.000000 7607604032055978237114107599966437376.000000 10801055579354175822719723038182473728.000000 
28500635465918015509442032393282125824.000000 7171001329247289516015748225735589888.000000 10120222195660156610409699868898492416.000000 
22776150928118545896784538605432340480.000000 6052678780290817582448070252119982080.000000 8528993855025388960171586507797168128.000000 
16282754622865388940341934452895645696.000000 4546468223241260873015832763034501120.000000 6430644326863425971611994766155186176.000000 
10460080884570538298519848907280744448.000000 3040386689081502911205836942986969088.000000 4332093477507023300941675932386590720.000000 
6036200466079049903582713056231161856.000000 1809998200905532006179057755756691456.000000 2599167797554470449407953372249587712.000000 
3077593075313566329827119105021313024.000000 947191589664704603970502017375272960.000000 1368392463932035612356819073969946624.000000 
1340705413688161304436679714487140352.000000 423243930881680759896319511303815168.000000 613688144246710035986182281952755712.000000 
479229458557978514142942137161875456.000000 155516970560272813426517510996361216.000000 225875793526219075595126861849427968.000000 
134606296224686226082928547256598528.000000 45053928992470758216391505540546560.000000 65473012789328549678421345130512384.000000 
28154859132682549221297257722150912.000000 9752283181422204828162999940284416.000000 14173616668816845684540354106228736.000000 
4075296461846310982928681882615808.000000 1464247806123967599505167408431104.000000 2128103961414933554665692470444032.000000 
372090896387456204016977667162112.000000 138754543115312558909757902028800.000000 201662704317870065569966581612544.000000 
19270997093819644679170201485312.000000 7449307476771535778625334804480.000000 10826654461966261791554321514496.000000 
502578997046547468999167311872.000000 200991755905399910925472890880.000000 292116857530337738651428978688.000000 
5714486097819828122145521664.000000 2360915819450470878341496832.000000 3431301482813727455827722240.000000 
23012098523568221550804992.000000 9812571801988816468705280.000000 14261369209774468161863680.000000 
23439112022999894589440.000000 10296874041409749909504.000000 14965243095731943768064.000000 
3634866791631283200.000000 1638923025925808384.000000 2381973538720136192.000000 
43695297662456.125000 20096425270876.101562 29207688500839.015625 
17879630.282926 8299686.259051 12062575.689039 
0.086505 0.040180 0.058396 
0.000000 0.000000 0.000000 
0.000000 0.000000 0.000000 
0.000000 0.000000 0.000000 

4150696161321720186590604558336.000000 384357600656941719768170233856.000000 -148268089079223711902600265728.000000 
32231487196986535356902596935680.000000 3092158612639826179898201866240.000000 -288657761320698651527264337920.000000 
125732632144444720748487948369920.000000 11766137474960647818455579361280.000000 1254926710189031169716595458048.000000 
357450589731917202566326641491968.000000 33178081653517275872666801143808.000000 5747477242452434728956658188288.000000 
895265815262693669529620819476480.000000 82786884322032685393837278887936.000000 17100842001418249975026849677312.000000 
2092564959752561832251618305769472.000000 193146528817787428852167935524864.000000 43864887693369380676383866355712.000000 
4677155751759242826878810566164480.000000 431391188379820609001558747643904.000000 104285075746586519023989899132928.000000 
10115653454504232117472079814590464.000000 932994214177885978366530400813056.000000 236547990642350898071328698400768.000000 
21289712472543709491698249240674304.000000 1964030782433560656159042873327616.000000 518675835542767494480232416542720.000000 
43679516121972057115084387333963776.000000 4026536544747288634681081401966592.000000 1104818137009171479468493223493632.000000 
87177395694975833201768392774647808.000000 7994073203032095119384945614651392.000000 2279038257745610297570853914673152.000000 
167937646505580960950855051297947648.000000 15112492498838814706699725382352896.000000 4444210565782376116333666503753728.000000 
308898627610908407805778663651147776.000000 26666820439264956975068938697179136.000000 7831652418375439553420792514478080.000000 
541666194221811557995447715075457024.000000 44299595676046136785033314743353344.000000 12445325138677684702616115631620096.000000 
914783378148045818296707256942592000.000000 71478129615078543798858891661410304.000000 18950712933342071226970427145322496.000000 
1502463744577739206071306961607983104.000000 113200321081846571124279350143221760.000000 28547102795200247961561665110016000.000000 
2409233714249011437298486087107215360.000000 174643781693734431677436556614828032.000000 41677781936208565417239378239946752.000000 
3768543527813487287033827665731649536.000000 259880380003827296516982142559846400.000000 57098588612788438550484438218702848.000000 
5727519442138193313800163318174842880.000000 368531490296105851547644791407771648.000000 70044294175854883456828245649915904.000000 
8408275327841479740161867832295948288.000000 489624264329853610245505910600368128.000000 68834765017511417022080184131518464.000000 
11838131633982786635975734579894943744.000000 593333439146094668079746172000927744.000000 30461263253863239470415954745229312.000000 
15852896923589808056328114889130246144.000000 624077226321749795809962498581331968.000000 -82686112632097231849372406612230144.000000 
20004510769283065595411139811893837824.000000 503308561264535026067219997612048384.000000 -319568288718279213020338411947425792.000000 
23539511222475050093443427851336417280.000000 153899258219933936586657332461568000.000000 -722762233439368733280915071648661504.000000 
25535477237266228181666901652708261888.000000 -446936700274015841296714690436530176.000000 -1291123756667764000094108854849110016.000000 
25238711519269092968354503382731325440.000000 -1203478244490695796234082655458557952.000000 -1934000860999553510035290148411801600.000000 
22492956612201727622843027481079840768.000000 -1883199016656275770027606209642627072.000000 -2457934319327292612606488159969083392.000000 
17962613013541284858785297084895461376.000000 -2213484354344289370561898938800013312.000000 -2640238685698204496177224184802312192.000000 
12858838249397450029949677892062412800.000000 -2074042515106365791892077117651812352.000000 -2384160282670135594765426403823321088.000000 
8288755310373568873841742933307424768.000000 -1595783231136588578581492023437557760.000000 -1812712500396715201818151518314954752.000000 
4804499264802368080621132704074694656.000000 -1030964769475349799533740690103074816.000000 -1168841628163182214021873971710918656.000000 
2460238913147168182346505465416908800.000000 -564093646896786287969339946330750976.000000 -640004777334462269291751648595542016.000000 
1075728756547703760647664612384178176.000000 -258288937742635010577045565539876864.000000 -293332028257221531967858397274963968.000000 
385688192841074397175563733834924032.000000 -96419903595668418636715146902241280.000000 -109565935168330517474376009912418304.000000 
108622776394734173642806980580999168.000000 -28331686704710895452765115056652288.000000 -32201647104700692804297904447553536.000000 
22779354090012861167255576016584704.000000 -6232634896989793728214253480968192.000000 -7084315180461646011145938475679744.000000 
3306169921540096046321341472702464.000000 -954474714432931783265985113358336.000000 -1084907390641558600019173911298048.000000 
302741091454219802437105345363968.000000 -92600393465958708472032360660992.000000 -105254616082294766340906887938048.000000 
15728698525910093397753000361984.000000 -5103803172493467912156024406016.000000 -5801258766139615421682960826368.000000 
411614075513705188604682174464.000000 -141437352431221490327262068736.000000 -160765345551301753813329772544.000000 
4697126155964372745703129088.000000 -1701224026438296599758110720.000000 -1933703252848478280606547968.000000 
18979338503453203004129280.000000 -7196268404036458376069120.000000 -8179667936144528716595200.000000 
19389672476158967414784.000000 -7637765067471011708928.000000 -8681496925705954394112.000000 
3017237375773399552.000000 -1225613542761359616.000000 -1393098649878930176.000000 
36453847215419.664062 -15148463812851.523438 -17218563396318.755859 
14985947.757373 -6293617.791595 -7153666.422917 
0.072530 -0.030482 -0.034647 
0.000000 -0.000000 -0.000000 
0.000000 -0.000000 -0.000000 
0.000000 0.000000 0.000000 

2637129155067276902165781676032.000000 -480260124972046037093403590656.000000 -138977754592022667577696190464.000000 
20434603156229701993571352051712.000000 -4683075714959812626344702902272.000000 -1504251221899728756831424610304.000000 
80641126785053191405614992982016.000000 -19848759469825783578906318602240.000000 -6502769385507576798176163659776.000000 
230111815369068848993057311293440.000000 -57872268789705340011901335109632.000000 -19064277924964067369904276242432.000000 
577390576824380273813584059826176.000000 -146712104287030142193888762265600.000000 -48463319807576498838355394428928.000000 
1351079148200897150437964614991872.000000 -345375887721983835282075667136512.000000 -114299883284843965184081844502528.000000 
3022210616847348093134251224989696.000000 -775650507418896594783795580764160.000000 -257093185872663467077724746547200.000000 
6540466118735783116359835175616512.000000 -1683556758943597228958205016539136.000000 -558824138953349029615070833803264.000000 
13772892257369317684728158306172928.000000 -3554479241828918848084184435523584.000000 -1181320420149123238690628246175744.000000 
28272378895039498856971109526405120.000000 -7320429504305361709624731407220736.000000 -2434389502282734464989188635754496.000000 
56457405261983149220947588749983744.000000 -14709260862771619341629660642410496.000000 -4883202019310287839444309930672128.000000 
108817761398242812542888059806416896.000000 -28733971219615477367106906512949248.000000 -9454364418736574578621208359600128.000000 
200230641428779148177330297079070720.000000 -54099832352645057709523734081044480.000000 -17392699200932545188250524969861120.000000 
351110358220652563180742340939612160.000000 -97345438852200397369112944600678400.000000 -30194916367492048539355259911274496.000000 
592808360375854285339722373536940032.000000 -167752629847625941107749998376779776.000000 -50287389221549170220883202224947200.000000 
973432086396807260638124045389266944.000000 -279842142952613231597878422628466688.000000 -81753354418544748990609604743266304.000000 
1560629681553718054866644200864088064.000000 -455780424593705409885451266432172032.000000 -130004888094104897612831347846414336.000000 
2440522695337769430439485491258589184.000000 -726352427256130045748582995005014016.000000 -201370195237490777997861982037868544.000000 
3707690829116869600345156681161768960.000000 -1130212856293940874799376113583783936.000000 -301932618461738310339176803734650880.000000 
5439723581875305080300684152999510016.000000 -1709581616441901598514624908140478464.000000 -434611310843333489942289324003295232.000000 
7651422887657874735908565777662345216.000000 -2499687317172399396263712778176430080.000000 -594146019522594751889043100719382528.000000 
10231503916909960628427511741638770688.000000 -3509688012475344891635594079550570496.000000 -760588854293420266994167215221112832.000000 
12882624340457758205870317300432764928.000000 -4695429110237129046640763378094571520.000000 -894183258800045848863457221707563008.000000 
15108857819463899004126051706404339712.000000 -5930576188256563135147842578671468544.000000 -937614138042156678683039017295937536.000000 
16308337721753208482594532410154549248.000000 -6993248977988290004153023879792558080.000000 -833557761590363767272134886763266048.000000 
15999423598714767766818772827374616576.000000 -7596694170304491233318246596529356800.000000 -560676283223114939906576092611215360.000000 
14105770878940190366249637853431595008.000000 -7488100089045110789980041256166752256.000000 -173083592864835460051247401405513728.000000 
11099567636037241638304242511829270528.000000 -6598346325284194986797850523542224896.000000 196517461570544410464076693822767104.000000 
7803568460069031877530470982642302976.000000 -5142563137929586286027017643089723392.000000 408861426881070557710177960026177536.000000 
4936877073283778046859501454892204032.000000 -3531582475345628295934350516006420480.000000 423460961579254303065731566552481792.000000 
2815966493807205784900586984569831424.000000 -2133107446271116303040443128454578176.000000 314410729727995893202784636513550336.000000 
1424797836879640499955304533726330880.000000 -1120330307466719618573107524689461248.000000 182531316035443762899578827262918656.000000 
617648549954638395927092228939317248.000000 -498173274691382509269978684330082304.000000 84761599954701241262987099877933056.000000 
219946613866813562999149674639654912.000000 -181002015924025282901386906686193664.000000 31269542261973893723603644775923712.000000 
61546927514663089784047926532636672.000000 -51599848822771261338545177766133760.000000 8948303689463972621445728189808640.000000 
12818558610664179205258156544360448.000000 -10947565371849781694018301764567040.000000 1899550373351129475617315245522944.000000 
1846369002516209195497223794720768.000000 -1605740549850466939188195058778112.000000 278628107113672231402067906789376.000000 
167647425717237075897359783690240.000000 -148260734993494416875651252355072.000000 25726226789474076932977236901888.000000 
8626333156251964161658256883712.000000 -7738987063507118251760062300160.000000 1342870296939144184896556105728.000000 
223002600622626353103163621376.000000 -202381629061512023106455076864.000000 35117293268860323347122094080.000000 
2499033232454619487824510976.000000 -2288981320175121285920063488.000000 397184411847486690220310528.000000 
9805624925406803815038976.000000 -9056105940205623490641920.000000 1571416979153814498050048.000000 
9565014662993454039040.000000 -8910814247675158855680.000000 1546205940979145900032.000000 
1391179831007432704.000000 -1308710925395067904.000000 227087733132593696.000000 
15431235618437.533203 -14666728618395.150391 2544973140968.358887 
5960642.263525 -5702776.725003 989546.747041 
0.028717 -0.027488 0.004770 
0.000000 -0.000000 0.000000 
0.000000 -0.000000 0.000000 
0.000000 0.000000 0.000000 

2325924747341242982695014760448.000000 115259687667119719380108181504.000000 87356042659082821721997180928.000000 
18489621608872342320704154238976.000000 1441076835589914840820283867136.000000 811525938468187959632142008320.000000 
73607892486290785647943670038528.000000 6591363219708732074440674770944.000000 3423273146845741016259808460800.000000 
210621313282010649825197932150784.000000 19624736305712099197462673096704.000000 9967017126372384666861271252992.000000 
529201817154964733285429464268800.000000 50251435630981200358906424983552.000000 25256156546932883233667998023680.000000 
1239346732165116731117551019360256.000000 119037740846762801194071561863168.000000 59458481695828964617287324663808.000000 
2773919058313939738732421785321472.000000 268597073207380414537107574358016.000000 133587800552144874959843201384448.000000 
6006023597788704358471059898368000.000000 585379368109601390681688849252352.000000 290138526858125005256390388744192.000000 
12653118045159060597284583447199744.000000 1240541191800873371439608245518336.000000 612852789447213436964542437392384.000000 
25986256793189847164085959607189504.000000 2562579383636746356977667265265664.000000 1261141653736651679064671624626176.000000 
51924468952894027304980929224638464.000000 5150713088663293101347659749261312.000000 2520468023774719744965952346783744.000000 
100169994192295552480353925736693760.000000 9979209742204958128666359864754176.000000 4833945713752237965653113684623360.000000 
184517802660616352883453353810460672.000000 18359152258514800940532632305795072.000000 8726747970849346274586785205977088.000000 
323823120837296458579093666997993472.000000 32001484840616333145529325015007232.000000 14796666334481626445293974804496384.000000 
547000704981981692918103940721016832.000000 53661499073845485954404816181526528.000000 24209648693473050166105088372768768.000000 
898631714048049774880873806276067328.000000 87677396617377958158188376773099520.000000 38813671092707657464814169984335872.000000 
1441493641845941888862259264117276672.000000 139907417252518978142548155974025216.000000 60747442990226390243414980243226624.000000 
2255679268996532312059870788980834304.000000 217440651441441125974530237440983040.000000 92163646466317926714416633378504704.000000 
3429582630625791317854170581766766592.000000 327410616584890861025614532192501760.000000 134325620811578152321922323548471296.000000 
5036560114036242506706878416671473664.000000 474127257884251419866553173483192320.000000 185762419538750824087063155009650688.000000 
7092590984171202147880956167127564288.000000 654197280645685627284374821305057280.000000 239495213790303614869759492270063616.000000 
9497243033467864475376609317059821568.000000 850267503557210137124247369028730880.000000 280102792635839851644781296726573056.000000 
11976744020276273780775660432989880320.000000 1026242480256559092623395631879159808.000000 282929617305061824102636768796344320.000000 
14069770309737919367639698449775984640.000000 1129467173599928445034852138184867840.000000 219341777506793331214038244874256384.000000 
15210428354505564365107049729647181824.000000 1106254154161557889791240337264476160.000000 71722317474336683812619521896742912.000000 
14938098398724981960079849977527926784.000000 931717573225723981446006011697561600.000000 -144081420017917573147244025866092544.000000 
13169334179584336585230437894466830336.000000 639804340920906101621132068730699776.000000 -364845021350982097468583935037407232.000000 
10344497254086789189316384942299545600.000000 323858844423664717616689066723508224.000000 -501312577783777360540345804963971072.000000 
7248465340878248985148009180299264000.000000 86171214826984476026017661524639744.000000 -500934840069906439919257223035879424.000000 
4569535925648952312503837599306088448.000000 -30431350539081173672875653582553088.000000 -393001465321216314640553296462348288.000000 
2601910218740981393193475466816651264.000000 -55164679461890455907196170294788096.000000 -253114416154893765187542379191599104.000000 
1318042402486885637213777218588639232.000000 -40528431548789995211054529837531136.000000 -137185484325961117036284594595299328.000000 
573719245735737893651708940753305600.000000 -20890100898887231141543197215293440.000000 -62492857107842771209969658299940864.000000 
205639893979407596744950178818031616.000000 -8206654863351014090639781522309120.000000 -23422786718889019336117419430117376.000000 
58020132943446702663730452402012160.000000 -2477250100962760953440673827127296.000000 -6973782269639100839476697480822784.000000 
12196432999538258810691035775107072.000000 -557952382467676313345294589755392.000000 -1566772672869370916774193727012864.000000 
1773974078590651766403169519665152.000000 -88031408150039364912594982797312.000000 -247142172731336811388715965349888.000000 
162724458976484872632179839991808.000000 -8898814426996297555568521904128.000000 -24982609217001716991183271493632.000000 
8469298590291814280982186426368.000000 -518846709198181119816588328960.000000 -1456614676332651425641476915200.000000 
222264629308363787506934611968.000000 -15479019534599699340600541184.000000 -43455931451367111897376620544.000000 
2549370154932547889968185344.000000 -203577970075261082594705408.000000 -571526529366046583195435008.000000 
10383321362469928470315008.000000 -948114193601379497410560.000000 -2661743872931629199523840.000000 
10712496581915770355712.000000 -1102489076261625921536.000000 -3095137235069407592448.000000 
1682491702403072512.000000 -191268231363702240.000000 -536968063925905280.000000 
20445278160713.949219 -2507827151518.757324 -7040495332710.019531 
8413798.142343 -1071872.859087 -3009185.005869 
0.040723 -0.005201 -0.014601 
0.000000 -0.000000 -0.000000 
0.000000 -0.000000 -0.000000 
0.000000 0.000000 0.000000 

2652996977800004251762120720384.000000 -280760144565219869471711166464.000000 -307692683600600228505606684672.000000 
20738512516110320066552940986368.000000 -2529331012959545110147176071168.000000 -2387998339140954018140829777920.000000 
81692525136251600207626733879296.000000 -10601896540681453690243694723072.000000 -9704838253010796092422642204672.000000 
232976692363563500555410851495936.000000 -30811334000579786237941076983808.000000 -27949962988146652625501385916416.000000 
584415532561499325827365310824448.000000 -77998295700652750380035806855168.000000 -70449342765835562964681983262720.000000 
1367295297705720938056128776896512.000000 -183488162044342628772278135947264.000000 -165308012108804415360198852476928.000000 
3058167933993674620776040768733184.000000 -411958491146819465416270315257856.000000 -370514683753855353416165347033088.000000 
6617828768194202196764862504239104.000000 -894099540758397372513076654374912.000000 -803157788186163950175151290580992.000000 
13935170075066516874591943876673536.000000 -1887594620201879831950173864460288.000000 -1693746474569156001941843892764672.000000 
28604668032854209995751639645945856.000000 -3885397777191254004692166415220736.000000 -3481091916243503720334069239644160.000000 
57119685970591229540688157569187840.000000 -7788358528877950495924659431669760.000000 -6955737857917704096046998995599360.000000 
110091652170049660004033525314486272.000000 -15095795145190978756074286929149952.000000 -13396952303079236272428971041226752.000000 
202586276805338427547391966832492544.000000 -27917260670238992252505002025680896.000000 -24592640336924923696308931180625920.000000 
355359393001777457268772241328308224.000000 -48926607555513442644953198070071296.000000 -43043709558947718242536321189937152.000000 
600292920198880329802698065843322880.000000 -82313325396936924363483795326763008.000000 -72680353955717297612338799256272896.000000 
986138735944038148590487058501337088.000000 -134915453839877669000474542188003328.000000 -119335652541272451496287421144760320.000000 
1581571212404256282636547456575209472.000000 -216157952659857644647539073125187584.000000 -191127933930299321162175456512835584.000000 
2474279232334081158554667715414458368.000000 -337827802971494345730146126471888896.000000 -298369955946296797691219296850542592.000000 
3760981322431602739622849015390928896.000000 -512643417732526132244387080479703040.000000 -452202776449141025114512572263956480.000000 
5521988509905088083427001782067265536.000000 -750330438743195180593515071050612736.000000 -661382344645621111244467826885394432.000000 
7775296631901609407113929894993592320.000000 -1050445308183521315796234316841746432.000000 -926706538399200501309722828394725376.000000 
10412933474546855479904784773011210240.000000 -1392309466277464329421894008700928000.000000 -1233670084169186578638870696175861760.000000 
13140175532222718730607402868325482496.000000 -1725352779179678359361545867796414464.000000 -1546274935833317720431881483643256832.000000 
15461358597159063360832323169544044544.000000 -1967508161606600713943361610582065152.000000 -1807526729107305420922376845755678720.000000 
16769527892535109818948553748292567040.000000 -2022886439680075151188475762274467840.000000 -1952679725776659941001275333891063808.000000 
16568435563442383095854887710421417984.000000 -1825980713594471887054835332220452864.000000 -1935620783251206258581965494672162816.000000 
14754896696267634991087387947235803136.000000 -1398554865099063582941899539303366656.000000 -1755274128740334222091928434154405888.000000 
11767302180246583803361645534675730432.000000 -872535891764457630802190368963035136.000000 -1458765834542384811927023073326268416.000000 
8407021676916720379951573227735613440.000000 -424570592911953523177477413143576576.000000 -1113298369776720263847740687670837248.000000 
5406913828979667753085959468029575168.000000 -153645545073991464574455027211436032.000000 -775528419293662947701727747425435648.000000 
3128568464899968027545305045184544768.000000 -37502769672383698228283466754031616.000000 -484743485694742408557888678981009408.000000 
1600920217857795082647983448532189184.000000 -3341248049319438189556274399543296.000000 -264951072852138170532326939702591488.000000 
700294487867101377684330928492511232.000000 2008371530401462077919316664123392.000000 -122566072167289929118407345452351488.000000 
251415153458094149823775772694806528.000000 1246134913308692226053885011165184.000000 -46339194862063111072731723317903360.000000 
70937362982260715979562045193322496.000000 410024812312802753446301558374400.000000 -13805025536514629294098142118019072.000000 
14905295674292227722948167482736640.000000 93166880253323493909787192590336.000000 -3088049084115785512583470962966528.000000 
2167264660670138509533432432820224.000000 14604605264999019690912531873792.000000 -483438931728417433662019151593472.000000 
198807336927859147906974285299712.000000 1459636897031361981714035376128.000000 -48314502216404235679139404709888.000000 
10353003711794716406945455013888.000000 83687161359909862557817503744.000000 -2770073934400389707151825698816.000000 
271998475390524763157278228480.000000 2438501460735820837729337344.000000 -80715240241919201227896258560.000000 
3124067174836789690570375168.000000 31099375387872179504807936.000000 -1029400062384343538546507776.000000 
12734305632422396830941184.000000 139642947285919077498880.000000 -4622229766830431068487680.000000 
13126661986868176879616.000000 156064200502813917184.000000 -5165778917740165201920.000000 
2055246498286016000.000000 26005763167257104.000000 -860799739314582528.000000 
24863546305226.144531 328672017588.258728 -10879157256041.900391 
10203276.635659 137586.520216 -4554161.320838 
0.049375 0.000667 -0.022067 
0.000000 0.000000 -0.000000 
0.000000 0.000000 -0.000000 
0.000000 0.000000 0.000000 

4244037055753483771919556673536.000000 808685536598868853848614633472.000000 -553546994729667845267008782336.000000 
33457297425954698710396843327488.000000 7005192312673892051086278131712.000000 -4616239174655175308096051347456.000000 
131558679990738627263678675681280.000000 29123581840779431837538461941760.000000 -17819109484513565772737547337728.000000 
374970822267789014967558942490624.000000 84440791244682588275020448923648.000000 -50481173308290519057064089616384.000000 
940337688146736023777715018530816.000000 213533894701503802649677196689408.000000 -126228148403281057734688132562944.000000 
2199638426822874510035861121269760.000000 502060240169086240434189026459648.000000 -294790278629811526284171699814400.000000 
4919278114017267356598504163115008.000000 1126929204156149906532099451518976.000000 -658620493951524942027468925042688.000000 
10644371075206011619912898972745728.000000 2445735338553289232594951261388800.000000 -1424240151237890590097949878910976.000000 
22412454206595468899050418289508352.000000 5163372623518233642543563635949568.000000 -2997330019528986758324841128919040.000000 
46003733103891147339599139496263680.000000 10624410253417288130328207225257984.000000 -6147471130758284450369135802580992.000000 
91858316399120347904788698073399296.000000 21257938136470203249959536175349760.000000 -12247791129477681584870904628772864.000000 
177016014540157977151170626805825536.000000 40980471672021174751453003565236224.000000 -23449095747120210566510314644307968.000000 
325623907495230833288012253164994560.000000 75108974470984688140418480301146112.000000 -42578942066563499589942682230718464.000000 
571040888388445985042588999593492480.000000 130707411377644714973433299942244352.000000 -73502778595363766786553530174930944.000000 
964563428876253402671791213247463424.000000 219057267182072722762953861336399872.000000 -122501347423892204353389617725046784.000000 
1584437648563851222587209501579935744.000000 357704241222065920029733641508618240.000000 -199095618421959916959733370970963968.000000 
2540863896435905048224635681347993600.000000 570345918503255209904353777295556608.000000 -315872491384874540586755507101892608.000000 
3974507303633364978253332424819736576.000000 885761829801507817083411273948856320.000000 -487611067813673282795593649839144960.000000 
6040336393351330178050356879778906112.000000 1333028403069250298137204779512758272.000000 -728219215732474608833797601739407360.000000 
8866704154899805954053963657921953792.000000 1930226792133429459482062430215864320.000000 -1044057990490662341392055836388360192.000000 
12481696345956654254058645060954619904.000000 2665377433989413182521029909511405568.000000 -1423258724215712324410913677981515776.000000 
16711309636809147983571539071971885056.000000 3472163635483537584513624664229019648.000000 -1823089125338617220605727091042811904.000000 
21082813597312376272524405923339304960.000000 4211493476685219519442046348160925696.000000 -2162326560711380300576025114748911616.000000 
24803513063964457828519711231593938944.000000 4679897487282044274694766569778577408.000000 -2330662575230471781005044338116263936.000000 
26905874066897224367186806212915101696.000000 4668706758682974569413473656505368576.000000 -2226860293472794715637057920276889600.000000 
26602155967511363778761561426651774976.000000 4076637869465768381186819711939117056.000000 -1821997269798051287028387204476960768.000000 
23730286440091417261123771715664478208.000000 3021135629924499483417154133241626624.000000 -1211115887068384093526267217108271104.000000 
18982101918855747940351992158597677056.000000 1837240312258259672681579713338015744.000000 -592617294063113236470125784958238720.000000 
13618366974549726293958621357162889216.000000 891161832392878713911164257188184064.000000 -152791188173629263550706028629721088.000000 
8798835358600286164431337318594379776.000000 341382505385737079986823261478453248.000000 52461156315059444462983935239913472.000000 
5112080428433640036087982279245168640.000000 105785816188609219264073604098162688.000000 93303429230218855714142737284464640.000000 
2624375966976796714561616528908746752.000000 28562366127055484813740333598769152.000000 67605238086316273444030626918301696.000000 
1150876526227008982160287163700215808.000000 7697725849985095047437746603819008.000000 34544883414491029934953947847458816.000000 
414029009426678883387842842708672512.000000 2243357145517770389864907922210816.000000 13526342245502426796380044604211200.000000 
117023001785947975164229969864818688.000000 625579742734704961651800799182848.000000 4090786658288794166723233387118592.000000 
24622190234088114763871934075633664.000000 140028094740533953050045250011136.000000 927163948773300267441913860194304.000000 
3582196504950700018852604541927424.000000 22307601573804122418354614960128.000000 147848835581201127605505292763136.000000 
328277285609903932084597098020864.000000 2293327679328253500022346219520.000000 15200047778866735803066686111744.000000 
17031220358147336261428574158848.000000 137241295595090917661662511104.000000 909627876053783284882876661760.000000 
443885023761456882580761608192.000000 4253533397503944254596055040.000000 28192189047508129458075729920.000000 
5030329068968954461878747136.000000 58962594389975748539580416.000000 390800883037429758041260032.000000 
20131890013273457084596224.000000 293977141169730378268672.000000 1948464574033091048243200.000000 
20331030879565428817920.000000 371634304656863330304.000000 2463172048813286752256.000000 
3122652191202327552.000000 71145294870465752.000000 471547162179542336.000000 
37210090888344.546875 1036139638831.456543 6867477423521.536133 
15159170.812347 475023.737002 3148431.608287 
0.073321 0.002316 0.015350 
0.000000 0.000000 0.000000 
0.000000 0.000000 0.000000 
0.000000 0.000000 0.000000 

