1075935067478231185620992.000000 -253759563876199632470016.000000 313927627850415689695232.000000 
11110666076163913252077568.000000 -3140198708648945687461888.000000 3884760505286949987155968.000000 
49542009199056916360200192.000000 -15023834038290813433151488.000000 18586084042767083816091648.000000 
151762944353196893821468672.000000 -46954643160979222571253760.000000 58087898319687634422595584.000000 
403209077918920310886760448.000000 -125905269735990876425945088.000000 155758238461385662273683456.000000 
994827231754397616583999488.000000 -312293522075239824041705472.000000 386340373070473217861222400.000000 
2345221959804609651143606272.000000 -738752678767269633322909696.000000 913915804673641020466921472.000000 
5360023355193994245037883392.000000 -1692556707548384744754380800.000000 2093873050878178665019998208.000000 
11976716576558947494596182016.000000 -3788918710948816443014119424.000000 4687296292905461178425147392.000000 
26298749148320992978955927552.000000 -8332097919577913227319705600.000000 10307693215403612171292114944.000000 
56931539778392737746469781504.000000 -18060186473528192543695568896.000000 22342375639236445607756300288.000000 
121729149869872043034788495360.000000 -38661308279927993902303281152.000000 47828159114556909609598058496.000000 
257256646147456669790221893632.000000 -81804481409609160911996583936.000000 101200862754401454699359240192.000000 
537127911924612914815789170688.000000 -171037808314799151537213931520.000000 211591999201237040412913303552.000000 
1106075308092678412553601155072.000000 -352814040555905736191242141696.000000 436468573369990133323319476224.000000 
2239469873995863925796047421440.000000 -715915745590552282134806003712.000000 885664084226001360721023074304.000000 
4439122491413589879533202309120.000000 -1423020109825624703661483491328.000000 1760427550541258987921312055296.000000 
8575848326497516708867155689472.000000 -2757836469450867282413675872256.000000 3411737660758479741424651730944.000000 
16107025990518169397335559241728.000000 -5195766838003212657843492618240.000000 6427717377044202734662604292096.000000 
29489277782731134498392766414848.000000 -9534945171608913294693085741056.000000 11795743473405717100712054226944.000000 
53042960445770368345283623911424.000000 -17175923545743588413963698700288.000000 21248448147104940301602814689280.000000 
94387183043261815103865449611264.000000 -30599012260141677042962800836608.000000 37854239606426969152171806818304.000000 
166416806240876882717308492972032.000000 -54019148098475497170130077483008.000000 66827443907997836983357113630720.000000 
290327254412301629623665560649728.000000 -94385529228684280178774393225216.000000 116764959876044402445384629092352.000000 
500063689016256029458022266830848.000000 -162874955093734983244183083417600.000000 201493679717089228975346141888512.000000 
847943145823313925870416866312192.000000 -276817395802185088273963619975168.000000 342452623595717811896058208321536.000000 
1410275751323861367028393512534016.000000 -461710665219414651460819584286720.000000 571185304985317770526223394406400.000000 
2289547409697942692113856677806080.000000 -752261666127242970337260561498112.000000 930627861913173857421748999290880.000000 
3605692942766123893743376593321984.000000 -1190064612821555287586872997445632.000000 1472236770843670445853509865701376.000000 
5463756121690640208922059156226048.000000 -1813709795400701489122463593791488.000000 2243752333831180097571683905306624.000000 
7882698491281192923619343489564672.000000 -2635946660887378953094403096313856.000000 3260946975761300434108238371225600.000000 
10680887157088587649592195836542976.000000 -3605341567334941252956193640415232.000000 4460191799415818713061884996616192.000000 
13354683251249606025280357434130432.000000 -4562424680254486787646291095584768.000000 5644205622205587496249171202015232.000000 
15062815807828354116838812234547200.000000 -5225754695820408921062301369368576.000000 6464815553463907729335306806099968.000000 
14886339790912654642210335231049728.000000 -5266709745335291872122769774739456.000000 6515481314967878455689337852919808.000000 
12419024806668906387612085193277440.000000 -4503843691093307266403176661647360.000000 5571734694672498175573974895820800.000000 
8338229556112170681701554613911552.000000 -3118403434476819656783933049143296.000000 3857797428054752128993955244146688.000000 
4238390918933025727051479820271616.000000 -1645359396829309217896994120400896.000000 2035484946924050741445063845347328.000000 
1508145831592542121038993462132736.000000 -611471731060344113385515551555584.000000 756455705933553588323766897737728.000000 
339685170771346202785445639618560.000000 -144462201164583495521136164208640.000000 178715140556327159189308476227584.000000 
42523704650232886824786395660288.000000 -18986388875681878144279046520832.000000 23488186731343004864767925944320.000000 
2498464766118253347395157884928.000000 -1167560611984929607104421953536.000000 1444396923186807096428940230656.000000 
55218799084391057847314546688.000000 -26851964977329944911373402112.000000 33218742733054704970278895616.000000 
341773354601226572469895168.000000 -171796704603101785506185216.000000 212530834797941909731934208.000000 
385922935950192966369280.000000 -198954461108385146208256.000000 246127874244313945735168.000000 
39687763421821673472.000000 -20777664963085230080.000000 25704186177251762176.000000 
129798464308442.046875 -68325986656683.093750 84526528119886.312500 
3420136.391374 -1799616.638944 2226317.597154 
0.000115 -0.000061 0.000075 
0.000000 -0.000000 0.000000 

1635642014268828923461632.000000 -471005937966919815528448.000000 53506462910029271924736.000000 
16876528834228862022844416.000000 -5734712631156959996805120.000000 651465648231864011325440.000000 
74937450195072902194266112.000000 -27292394668126587729215488.000000 3100426948627048767160320.000000 
229264020220820728380915712.000000 -85175522669276073769828352.000000 9675973437230986985209856.000000 
608753401186053055185944576.000000 -228242784457750671702097920.000000 25928471589519919436267520.000000 
1501442332560717496211996672.000000 -565919193345095091527614464.000000 64288646677145956489625600.000000 
3538724979182791343579594752.000000 -1338399314953561918406656000.000000 152042697409476972783861760.000000 
8086490658426599260049899520.000000 -3065886661948958540147195904.000000 348285950856626146757312512.000000 
18066706659450646163559022592.000000 -6862351061421335412641628160.000000 779565824856604426389946368.000000 
39667512890240625117478518784.000000 -15089275218569412087092609024.000000 1714147699085509393660248064.000000 
85865394694218001585826430976.000000 -32703919678968694716583903232.000000 3715178353947239480775671808.000000 
183581432074162779748837621760.000000 -70003810941770777575360036864.000000 7952460917763692826336428032.000000 
387945198244733629858825895936.000000 -148112320328408604147607142400.000000 16825618819962650990372454400.000000 
809932302071850057902793424896.000000 -309652389365676557494759981056.000000 35176635263057319660343001088.000000 
1667696346816171861652252131328.000000 -638696480961640239845425020928.000000 72556175654287484410178568192.000000 
3376206273105038480582880788480.000000 -1295914018851767604657552097280.000000 147216350782289065142736912384.000000 
6691437749059046424836306894848.000000 -2575700519098565347635042975744.000000 292600609001599809069724467200.000000 
12924860465061463133738797891584.000000 -4991566941092139433791699550208.000000 567044000653836464468126597120.000000 
24271035792735526291261026729984.000000 -9404265271292955826659553968128.000000 1068328295618757208078133755904.000000 
44430142855231162637189147262976.000000 -17259147895764764207253458780160.000000 1960646102954876222492800712704.000000 
79911095198090357910374543523840.000000 -31091937707775871875216826171392.000000 3532056557382280397570183266304.000000 
142190038393386307141912825430016.000000 -55392702302505807034901965307904.000000 6292633133307725376650290921472.000000 
250685066891830474996559405645824.000000 -97793204099495543201973131018240.000000 11109347093560592114530253799424.000000 
437309820632320975393696499367936.000000 -170877808938854883745065584295936.000000 19411787430111061745331655933952.000000 
753165337663528623722067642023936.000000 -294889527181960300779859529957376.000000 33499568215264864502449342251008.000000 
1276987924027822726230915344760832.000000 -501223249955017080494479391064064.000000 56939161635890088239680553222144.000000 
2123576838379806659814619791491072.000000 -836088971699774576973479556415488.000000 94980041540114237282732986073088.000000 
3447011645413965802381914012647424.000000 -1362431204950130471576471789895680.000000 154772729723527617757382851952640.000000 
5427396025469929758192665626673152.000000 -2155796325975816321203389987815424.000000 244899324741642275104205920272384.000000 
8222005253750205310298625029439488.000000 -3286558310687297020594120009187328.000000 373354338400695870862489980764160.000000 
11857966486491775993690286194688000.000000 -4778785300327796979843365945212928.000000 542871921170855620688062233706496.000000 
16059966277885320600590448710385664.000000 -6541046023384546542487452103213056.000000 743065444044573388069769341566976.000000 
20068252678568302888230284309823488.000000 -8286932542056219941340472506580992.000000 941398850752042007106736650977280.000000 
22617007863004251017613725564665856.000000 -9508696356582288102304952419876864.000000 1080191708669995415636033727889408.000000 
22328264223296671015984177549934592.000000 -9609670669516519637260385527005184.000000 1091662430999320017097766096338944.000000 
18601246087444265926523181491814400.000000 -8252406384645608659621043385663488.000000 937476665463061276858576759947264.000000 
12466080704912967139001453368049664.000000 -5749959603669410576549523081920512.000000 653197710406598574692839018463232.000000 
6322031087686467828802007074865152.000000 -3061748236982616840884209317838848.000000 347815824125478073930776095752192.000000 
2243572506402289251846725023301632.000000 -1152521203618317099124664632868864.000000 130926869628460840796412421603328.000000 
503986630732652524697967879258112.000000 -276972514089002590617940166443008.000000 31464188362826171992500579860480.000000 
62972566749184097293125357142016.000000 -37186532889872774560850345197568.000000 4224405007319267529688719818752.000000 
3699611735699671367470511292416.000000 -2343652681390082696796610494464.000000 266239881841142695416119164928.000000 
81976769795832888279510810624.000000 -55292612196609425528863064064.000000 6281262857251494385411948544.000000 
509931574440183076130652160.000000 -361980813614205359261483008.000000 41121165184017298706399232.000000 
578811422750878021451776.000000 -426228055800292430577664.000000 48419677589062555795456.000000 
59662047938649939968.000000 -44873864994458435584.000000 5097689008592258048.000000 
194652111835993.625000 -147577388953948.031250 16764850401902.947266 
5106925.491304 -3873855.901898 440071.579625 
0.000172 -0.000130 0.000015 
0.000000 -0.000000 0.000000 

1186498305394707456327680.000000 -329773868399560847523840.000000 -588517648038808269094912.000000 
12274364080934933523070976.000000 -4218558013193907265863680.000000 -7528479597516375193550848.000000 
55380553200163701091467264.000000 -20452155524670713797541888.000000 -36499115363863574356164608.000000 
170254757211367444802699264.000000 -64149669258826303062147072.000000 -114482122728200277724233728.000000 
453089983447920489837625344.000000 -172291222624795389146955776.000000 -307472589047053519931047936.000000 
1118970383265661069952024576.000000 -427743231809401083643559936.000000 -763354725378000802897985536.000000 
2639532156012952473191841792.000000 -1012461910741286000493854720.000000 -1806849358107397438767628288.000000 
6035343169804861610238410752.000000 -2320625803237372338515214336.000000 -4141411344469179845213945856.000000 
13490164164650365767257161728.000000 -5196527126006980930411954176.000000 -9273772773475352168514977792.000000 
29629774552941306872963530752.000000 -11430339595079034724365107200.000000 -20398695043447947020310937600.000000 
64156530613752242017702772736.000000 -24780799793076195263959269376.000000 -44224055961497840933790547968.000000 
137203894367844330839241392128.000000 -53057510710514962899562135552.000000 -94686948864950564962403614720.000000 
290013939818546312261859803136.000000 -112284371394258050408188477440.000000 -200383779603783545654865821696.000000 
605639647720203685140698759168.000000 -234803824296322190260821819392.000000 -419033185061103535382549495808.000000 
1247433436295452817781566734336.000000 -484429239931550485399897899008.000000 -864517125960740660965973950464.000000 
2526350639567578450139314913280.000000 -983138665898079891442110562304.000000 -1754518810596938305126549946368.000000 
5009400561190286327164191113216.000000 -1954414193862641362416917544960.000000 -3487866550032673808179162775552.000000 
9681121475111419677420074041344.000000 -3787824966530971481810342510592.000000 -6759789219516134181283500654592.000000 
18189441120843208991722652565504.000000 -7135642748896963980996129062912.000000 -12734337345183073072980961525760.000000 
33310373094620155703010210611200.000000 -13092526469892288458501031723008.000000 -23365049882033347426708067713024.000000 
59923750472036117191614768611328.000000 -23580394054922105840599937581056.000000 -42081800223833393818420673249280.000000 
106639839253806870267858813714432.000000 -42003422913305782285386163159040.000000 -74959716433829562701530374602752.000000 
188036410382676596528129329070080.000000 -74143220853672235278065177985024.000000 -132316711953527187988584492695552.000000 
328078910807423322841913980092416.000000 -129528009074387740277213879074816.000000 -231156942863789433810526257807360.000000 
565159419457175671529150301077504.000000 -223475425055418663703243370004480.000000 -398816413763677837856963343417344.000000 
958471731764737323693000391393280.000000 -379718140680492175449686617882624.000000 -677648681369108964481943526703104.000000 
1594403393195145960754659360505856.000000 -633132286950305445889982739775488.000000 -1129894027752265961442599791230976.000000 
2589068028175801323126030149353472.000000 -1031090229587540169052056415371264.000000 -1840093636823352483408751963930624.000000 
4078533018420482845436557018529792.000000 -1630123885594113738376277728952320.000000 -2909134916655536338325870328414208.000000 
6182347278428886954626823074349056.000000 -2482081670895958801133433616596992.000000 -4429547053819472301081128096235520.000000 
8923023006562247521086423554850816.000000 -3602390721354373316783159302422528.000000 -6428861464788897557406242069020672.000000 
12096166119489936065629752219664384.000000 -4917084527504962685600393362145280.000000 -8775076798471660002896660628766720.000000 
15132131847288390593775806164500480.000000 -6202982560344357263362789488984064.000000 -11069902915462380710404060344221696.000000 
17076729306278978938862098333040640.000000 -7071071203873949698503998347149312.000000 -12619102338869198337379078783369216.000000 
16884403528255060276213030733217792.000000 -7075074052636931930545598498865152.000000 -12626245861643986495632655060566016.000000 
14088777529389120740238671755608064.000000 -5984804538615922326185896933588992.000000 -10680540299120068380735470951202816.000000 
9455598075057653046619402963779584.000000 -4078035936825445084636400947560448.000000 -7277702535394236555429827110240256.000000 
4798796458551848775003021969981440.000000 -2103309140375656535079524616896512.000000 -3753585917525226691404902854295552.000000 
1701328624008710742870539477450752.000000 -757961757405908787896571385610240.000000 -1352665912968625065642271447187456.000000 
380577293735835058384014460059648.000000 -172212357773624408455831351197696.000000 -307331846067783121700290549514240.000000 
47119758004813405040780460949504.000000 -21621213729771854222450264899584.000000 -38585427989620112874946038857728.000000 
2725960747460797173835939971072.000000 -1265475698248216395522135556096.000000 -2258380220354356553573069750272.000000 
59064246698988386822026952704.000000 -27664757452634631424629014528.000000 -49370794807373848091360755712.000000 
355995659044737966592229376.000000 -167764005866992600883396608.000000 -299393274056468069779243008.000000 
385496604864024196153344.000000 -182390992577557652570112.000000 -325496736585423612018688.000000 
36945882880588824576.000000 -17535546251492378624.000000 -31294106131235794944.000000 
108029378649772.187500 -51453650274361.890625 -91824683955216.515625 
2558763.366253 -1222475.367204 -2181641.411989 
0.000084 -0.000040 -0.000071 
0.000000 -0.000000 -0.000000 

717816705356646911574016.000000 330359641466081520910336.000000 -187103739930450925191168.000000 
7421419693907758347714560.000000 4198629061832335138226176.000000 -2377951485124634377977856.000000 
33388478869211359400165376.000000 20294597512423788030984192.000000 -11494125245161267674480640.000000 
102556545892152767003230208.000000 63603967773618617695862784.000000 -36022984502729430211231744.000000 
272818912780506158468169728.000000 170763286537435131341176832.000000 -96714142841960039211597824.000000 
673609210973089462254305280.000000 423861808971663254222798848.000000 -240059982267619183096233984.000000 
1588732459502635210579640320.000000 1003139900244928386362769408.000000 -568142119831414196368572416.000000 
3632281097375317607038582784.000000 2299042458048190336854917120.000000 -1302094409143733112021188608.000000 
8118205164151683152510713856.000000 5147834420324705566833246208.000000 -2915547033260563075038183424.000000 
17829691026489833647008382976.000000 11322611503080541688969560064.000000 -6412717209052367845911953408.000000 
38604124873344881407278710784.000000 24546136162427785523020955648.000000 -13902042805382639113381871616.000000 
82554241573750019603455541248.000000 52553017266201190288536371200.000000 -29764126245866967780938481664.000000 
174491000699053742257755652096.000000 111212719986749922039295901696.000000 -62986858034519621470091476992.000000 
364375507442782535896107319296.000000 232554754183871274286726512640.000000 -131710592896004054363530067968.000000 
750465817530140805120489684992.000000 479772766644809310304716455936.000000 -271725924382442492175931408384.000000 
1519785825786791432516947410944.000000 973657955851315272096218611712.000000 -551444613949682416271860170752.000000 
3013323711207722484167182647296.000000 1935524490075673598063552757760.000000 -1096210993609881072111953379328.000000 
5823103972485807469647347318784.000000 3751205923233857116995338633216.000000 -2124547218817515689728114950144.000000 
10940060223705622140405197832192.000000 7066830819878594044439130275840.000000 -4002397114814683185944203362304.000000 
20033696815671842351216330801152.000000 12966823619855059325024391397376.000000 -7343939421675630362413143949312.000000 
36038994916200104509671466860544.000000 23354912886093288638404804739072.000000 -13227377071077805094561009106944.000000 
64134104034398880741177925042176.000000 41603013587476883342364921298944.000000 -23562440617896986740367097331712.000000 
113085545353260600092757495644160.000000 73438697280108242535554876440576.000000 -41593019219144722042069507375104.000000 
197305092075012877079748657807360.000000 128302050515601731900678357385216.000000 -72665636110031359178307107028992.000000 
339879447150386516086490212073472.000000 221370798702964096817396570914816.000000 -125376405437732896562408438366208.000000 
576402986856932758806371036561408.000000 376165154775201755510354936332288.000000 -213046324235048377983598581514240.000000 
958820089629322612461562713079808.000000 627259129641649777715371856363520.000000 -355256860494933754977888541605888.000000 
1556946109607505308313385821011968.000000 1021638509821746809347634572034048.000000 -578619062535359155587310071840768.000000 
2452590654445132270461498211434496.000000 1615430749552740838597177540345856.000000 -914921488286582937613010236080128.000000 
3717632681774267234162647937056768.000000 2460254206338612692833746552881152.000000 -1393398906545428263568409666519040.000000 
5365628666197454815026547286605824.000000 3571868427572820837996040466464768.000000 -2022976954365624618727102813831168.000000 
7273777052811742788943828731559936.000000 4877773621218294242463414459826176.000000 -2762594374463697285264089592889344.000000 
9099806244149024790790534279987200.000000 6157852701691798916045575930511360.000000 -3487584819121009708085762374762496.000000 
10270369687108504730069001645850624.000000 7027311905166100249141077782560768.000000 -3980015032342730059925842768691200.000000 
10157050303045866838048069757435904.000000 7042876782913079557755723883479040.000000 -3988830415556900878209395512573952.000000 
8478908371953467770652721529487360.000000 5972157412273511932930101744762880.000000 -3382413730475194769492311583752192.000000 
5694720618587477464712287308742656.000000 4083873516085913564296643323363328.000000 -2312958098851327079645651530678272.000000 
2893528550010447506318749652221952.000000 2116764042554136973350783873449984.000000 -1198858514177320392897464360763392.000000 
1027695933489022549412169272786944.000000 767803937227337438895803759329280.000000 -434856350948393651814464248348672.000000 
230484996865301324123986672484352.000000 175850347387045762793711125659648.000000 -99595269925134975052584434270208.000000 
28637788536610545191746099216384.000000 22279749061169473779002295451648.000000 -12618443208005345058085650038784.000000 
1664734059735931761752130191360.000000 1317227318859236904449626603520.000000 -746029861890462877382948683776.000000 
36336084205803858182210060288.000000 29165606031312104942647377920.000000 -16518343286665917617217208320.000000 
222124748454394145865203712.000000 180642347641188171194040320.000000 -102309285369996154421379072.000000 
247937329859171524280320.000000 204348769486617987514368.000000 -115735744388914340691968.000000 
25220102435022815232.000000 21068142261112049664.000000 -11932232983869411328.000000 
81648339336106.906250 69035682672860.734375 -39099311161076.710938 
2137228.450795 1820117.578900 -1030848.697541 
0.000072 0.000061 -0.000035 
0.000000 0.000000 -0.000000 

596223848508627305365504.000000 117912277945215461883904.000000 -61470333192067138715648.000000 
6146375200508761763479552.000000 1416339137791337043066880.000000 -738369576351072253902848.000000 
27208843092343372793249792.000000 6713345286444178049335296.000000 -3499818498823791428239360.000000 
83165073280916620566331392.000000 20928204098273498959446016.000000 -10910345397874340378181632.000000 
220727604034720272882860032.000000 56052648547340718786478080.000000 -29221511470618513640521728.000000 
544269272561339293837033472.000000 138940486359823658365485056.000000 -72432813098347812314152960.000000 
1282566674253558405790695424.000000 328533148346496883605110784.000000 -171271749180191839788990464.000000 
2930503306342778508639469568.000000 752475849996719131174371328.000000 -392282653039518957264961536.000000 
6546704535021034937943851008.000000 1684095101642368821900607488.000000 -877956806781251952966631424.000000 
14373027190432157801207824384.000000 3702781625294902650539606016.000000 -1930343677611711959488528384.000000 
31110415442408038187453644800.000000 8024739174449458931113656320.000000 -4183477746584050099898286080.000000 
66510962717778137757962469376.000000 17176195564933653668326014976.000000 -8954338621454975170464710656.000000 
140543893832067254442048618496.000000 36338855894065854646415523840.000000 -18944266182904168147159351296.000000 
293403524164088493210240811008.000000 75967530339937739379522404352.000000 -39603589067663645119818498048.000000 
604092833953780379766063366144.000000 156682049991046554967783505920.000000 -81681890859920996975740190720.000000 
1222863011248089670293236219904.000000 317885341419906844731897806848.000000 -165720806980208211982676918272.000000 
2423371263488152689630855036928.000000 631774356093540094396560572416.000000 -329358238582392361854684889088.000000 
4680239345110085748551738982400.000000 1224296664148696387725614383104.000000 -638253498131239069579044978688.000000 
8787585706330775546188003278848.000000 2306620619085503194538948165632.000000 -1202493416917586709675019075584.000000 
16084584127633284456741655805952.000000 4233386364910401395022807171072.000000 -2206959910508249953203109494784.000000 
28927403119770298280361217490944.000000 7626661877334735805104881926144.000000 -3975951062202560495682697822208.000000 
51469636134348120254248831156224.000000 13587832255178131934954544693248.000000 -7083643795532408947043811196928.000000 
90737905313889765835626923425792.000000 23989175544438677583238019416064.000000 -12506098935725542073739373445120.000000 
158279086437801179937636796596224.000000 41918272043119165279522237972480.000000 -21852941815978269152022297051136.000000 
272579306042469881297845620834304.000000 72342171548231842747457292206080.000000 -37713607661566998368609409957888.000000 
462114997620959900764412475080704.000000 122965434403776618522411398070272.000000 -64104657764472783917802533683200.000000 
768390581708654388566270402363392.000000 205131305372798882614920012103680.000000 -106939581773225251563779894804480.000000 
1247080157606661779191909457068032.000000 334298299826359673307451638153216.000000 -174277252835498640805367694491648.000000 
1963192881943002048334581905489920.000000 529038713635948508336089108316160.000000 -275799828189342156499646553260032.000000 
2973343309676650430401085171564544.000000 806702517809470761628879844016128.000000 -420552239518835250596455332708352.000000 
4286872554679791530318115387736064.000000 1173367072731769810751108136566784.000000 -611702752031762821532161385955328.000000 
5803535661428539319930516418854912.000000 1606909571924962178807932668346368.000000 -837718247133208146089082276020224.000000 
7247891208646879265796475351728128.000000 2037506343341318909006463570542592.000000 -1062198067824060051806712080891904.000000 
8162082017345840310533983366545408.000000 2340969787442877951381745111662592.000000 -1220400414056417820440483143352320.000000 
8049233646839851215587928937857024.000000 2370681778109265928132893498933248.000000 -1235889945748030638186270702960640.000000 
6695571600416163250209367533813760.000000 2042266578080428362134589244702720.000000 -1064679685689346297537357433274368.000000 
4477678560236337849676573641277440.000000 1429711173483279219923818194665472.000000 -745340720525064893375597581959168.000000 
2264048448835488845324573401415680.000000 766554693936756944335358339842048.000000 -399622272314412318262003142492160.000000 
800209033436259135841205577842688.000000 291362281748911346601577183969280.000000 -151893737029047775221515867389952.000000 
178821246380985203075937493581824.000000 70946234714280125891117959872512.000000 -36985874266933063350648636964864.000000 
22211856081152184694666623451136.000000 9689474731229728576140774211584.000000 -5051341985450765629121884061696.000000 
1298070034501121351275178360832.000000 623736157118898317972928987136.000000 -325167743938018291599896739840.000000 
28691488719043646391987470336.000000 15083708732637932750372864000.000000 -7863477983167660939001462784.000000 
178860617726329821033660416.000000 101434190993264040321482752.000000 -52879934355273197207683072.000000 
204339076596491771445248.000000 122644931960868192649216.000000 -63937572603387147452416.000000 
21220488718284939264.000000 13211832538893568000.000000 -6887626652594381824.000000 
69483116517045.937500 44152480478128.773438 -23017685126122.597656 
1820744.849494 1166648.172969 -608200.037859 
0.000061 0.000039 -0.000020 
0.000000 0.000000 -0.000000 

726101084707571344867328.000000 -121839047501260401934336.000000 -300845725475543833378816.000000 
7501897681064547191881728.000000 -1527176503577674927570944.000000 -3770913615713198835499008.000000 
33579340300211008818905088.000000 -7339983257211729520623616.000000 -18123931804139897671909376.000000 
102984361071622269423321088.000000 -22968407966418439201882112.000000 -56713734220582518647685120.000000 
273761265584385156997709824.000000 -61622548679598599753957376.000000 -152158776216418100346617856.000000 
675656675535644216296210432.000000 -152896517346065959805255680.000000 -377533021038968241106452480.000000 
1593131663224259182107557888.000000 -361762560591627558034866176.000000 -893266339676141743771746304.000000 
3641644629495557152686735360.000000 -828955102566744853703557120.000000 -2046861037843933578632626176.000000 
8137969650204348423203717120.000000 -1855881837216297615110438912.000000 -4582554847274606008668782592.000000 
17871083358793184469422440448.000000 -4081564009669977639669989376.000000 -10078222956817925307155611648.000000 
38690116033191151918253080576.000000 -8847597835948930718266032128.000000 -21846542994719075354521108480.000000 
82731257941136669227347869696.000000 -18941175205821825699811426304.000000 -46769666318147342592202768384.000000 
174851240801276702051077718016.000000 -40080500002507816434554372096.000000 -98967017126034599998253957120.000000 
365097360999934406539098456064.000000 -83805760732310422807010869248.000000 -206933699857436416228171186176.000000 
751881298859984663671923015680.000000 -172883733993121211291724152832.000000 -426885579317611335249217716224.000000 
1522479084900009518192601858048.000000 -350829725499047725031005093888.000000 -866270916021852247517583900672.000000 
3018248840391785999209320153088.000000 -697375994946418918236025257984.000000 -1721965096015005502034168250368.000000 
5831711332734970166208802848768.000000 -1351554350394131166580000686080.000000 -3337266314887626363180637224960.000000 
10954580803403368405691812282368.000000 -2546270431561103177970368905216.000000 -6287266610747279374476581535744.000000 
20058145806221209262608458186752.000000 -4672481070331278343113149513728.000000 -11537318997507891324143647326208.000000 
36081077551795515081087669764096.000000 -8416361515337495425709183598592.000000 -20781731619495489364615990607872.000000 
64206871967438673879828474626048.000000 -14993201380086803708144062038016.000000 -37021305065163694536652297863168.000000 
113209767452435190568766081597440.000000 -26467817573737207717139404816384.000000 -65354497946505492542045575708672.000000 
197513319849715471470140992782336.000000 -46244020502962788607317057208320.000000 -114186019855217831316176978837504.000000 
340220501942942851475361216069632.000000 -79795564249344491267484444262400.000000 -197031698036510063676811036852224.000000 
576945160605886911764736734396416.000000 -135607654658313542377811583434752.000000 -334843254953181289049974806413312.000000 
959648758536250444479743200854016.000000 -226159859737800793891320587354112.000000 -558435316687468471532335168225280.000000 
1558147250264528882220364149555200.000000 -368427405119495700548757728788480.000000 -909723214777266826261368758337536.000000 
2454207483721120000836082719522816.000000 -582725826963108358307873965473792.000000 -1438870196061233554558031415476224.000000 
3719584261527916837048966398869504.000000 -887832291342827777878737234690048.000000 -2192240954500930750927390254301184.000000 
5367600801119242049512009428369408.000000 -1289747135084985864073541228429312.000000 -3184651558693713281442731125637120.000000 
7275155290378585958439141270093824.000000 -1762860305522608753022347308433408.000000 -4352865509076652744157366258237440.000000 
9099810174242141309581612543901696.000000 -2228498482185692663618799358967808.000000 -5502622158855659480460729983696896.000000 
10268562028921153419417992302690304.000000 -2548386843030223968360184808472576.000000 -6292492466964065680114179756785664.000000 
10154099413687478723573570103934976.000000 -2562011732400308218475451212890112.000000 -6326135127598165654127454910939136.000000 
8476805476880584827638415425011712.000000 -2182699614336789056103395924901888.000000 -5389535312671808785546403899244544.000000 
5695422938912838812879687501479936.000000 -1502850153192055470699128402477056.000000 -3710846841718937641477906383241216.000000 
2896739934352146748609884734881792.000000 -786575690090481732616007953940480.000000 -1942217531897969003936402972344320.000000 
1030916026223352924789398659137536.000000 -289078433223714775685266860408832.000000 -713794245326994388667154116378624.000000 
232027814555046891344878932852736.000000 -67312522452987487616814469349376.000000 -166208494454524978953948260990976.000000 
28985822120620067163855164276736.000000 -8693929103192132240593922293760.000000 -21467103214638341009058079703040.000000 
1697030922169713100549477367808.000000 -524642814033485191481407832064.000000 -1295451263288986346453966258176.000000 
37349019505404735904924303360.000000 -11856016917324167824262823936.000000 -29274949894087209820161572864.000000 
230490266297239402073554944.000000 -74924133254922372019912704.000000 -185003130662772526926528512.000000 
260513622560793004343296.000000 -86509835050585721667584.000000 -213610616795849839083520.000000 
26970904247492907008.000000 -9107910475225703424.000000 -22489308564704890880.000000 
89252406388171.031250 -30454549200672.828125 -75198560200598.062500 
2374638.617684 -813534.631828 -2008784.716650 
0.000080 -0.000028 -0.000068 
0.000000 -0.000000 -0.000000 

1188461403073095074316288.000000 -658917847201216043417600.000000 -37154968834905519161344.000000 
12291990782479478221176832.000000 -8411422695502362047414272.000000 -474302144699944916746240.000000 
55407682380273490390417408.000000 -40741437309198761717661696.000000 -2297322556889672334704640.000000 
170289855122276338964103168.000000 -127756107948565366050914304.000000 -7203893822970356909998080.000000 
453123774896121716504788992.000000 -343084305641479572715208704.000000 -19345790583756473541591040.000000 
1118968823184209403342487552.000000 -851711755729412087506534400.000000 -48026205201246156534841344.000000 
2639397728350621764281171968.000000 -2015904539770535954194890752.000000 -113672547598253265508106240.000000 
6034824870624703559017431040.000000 -4620442908595807975215464448.000000 -260536898494286677141356544.000000 
13488653158405085729495449600.000000 -10346231458851017043417759744.000000 -583401874824220283605352448.000000 
29625848010711892537284493312.000000 -22757299020674589909726527488.000000 -1283235443494646693746442240.000000 
64146944938865598603162812416.000000 -49336787090350807981085425664.000000 -2781995956768448799624396800.000000 
137181379721600834150466584576.000000 -105632429821158533777590321152.000000 -5956386907155618890749313024.000000 
289962393844989078021869666304.000000 -223545083899237939823018770432.000000 -12605229408721940695069229056.000000 
605523723951159116242809257984.000000 -467462464380146669062595805184.000000 -26359209071823154007888625664.000000 
1247176262217732746608474324992.000000 -964424080239950912102458195968.000000 -54381812235244134417871929344.000000 
2525787399131261441226873765888.000000 -1957263472715737879706848985088.000000 -110365903184050103581692395520.000000 
5008187079605353321802112172032.000000 -3890894885024830596132433297408.000000 -219399245000028595177310388224.000000 
9678573350752965755290370703360.000000 -7540914016741183419793687969792.000000 -425216021191121633602021883904.000000 
18184304551680082592542217994240.000000 -14206006187396301302656665649152.000000 -801046320725929655342743945216.000000 
33300561362941164571073464762368.000000 -26065706833992156419163624046592.000000 -1469789487703795236475003469824.000000 
59905841676575851003344018472960.000000 -46946532419791582531220527906816.000000 -2647214605543345519232911671296.000000 
106607806564781485261117659807744.000000 -83626158972393712281634056699904.000000 -4715500336801942978871628398592.000000 
187979647740387785137994239836160.000000 -147616260932974840742331203715072.000000 -8323765394709491155846781992960.000000 
327979319110265383520390933905408.000000 -257889037553475581199880770551808.000000 -14541811538210032570248846114816.000000 
564986801076152863187439804481536.000000 -444945707386094850879406196391936.000000 -25089537279003044413379702685696.000000 
958177079457077060125348717395968.000000 -756047186933391642776543732695040.000000 -42631884669000206636489795174400.000000 
1593910176987687753094515786776576.000000 -1260652859807804868121159744356352.000000 -71085519866773220806374409109504.000000 
2588263258524516183691771173142528.000000 -2053127087071197843575365781422080.000000 -115771447469893222480932216242176.000000 
4077263855745592386082391545872384.000000 -3246120753950115431638891101159424.000000 -183041810082472452179988387463168.000000 
6180436425288176752906762205528064.000000 -4943051855122492580479044325212160.000000 -278728127347738239833630511726592.000000 
8920326081977134827588015697690624.000000 -7174972718009711459537437440606208.000000 -404581373628418381767064881725440.000000 
12092697679850600462845131203018752.000000 -9795140812646860020985629375463424.000000 -552327051351316608432023793565696.000000 
15128258120553171243473750330441728.000000 -12359828443574687827754190211383296.000000 -696944304326241454203036040691712.000000 
17073327503428342416034327447994368.000000 -14094812934647974790925626531381248.000000 -794776370901283446592352888553472.000000 
16882731597104235879955577402556416.000000 -14110643161483541723067862164176896.000000 -795669003552262917596409906593792.000000 
14089785022431754450864156163702784.000000 -11946007601569581010534289765302272.000000 -673609831670443116335120162750464.000000 
9458923724654168411629146454622208.000000 -8149676320562405689998385973559296.000000 -459542826152341690786358310731776.000000 
4802601656281480614949187148054528.000000 -4210297796360788997178866901450752.000000 -237409692382616249946411672535040.000000 
1703797723869580018153213216686080.000000 -1520569994667608589120394391191552.000000 -85741691476623241769848062083072.000000 
381481571459772266937636798595072.000000 -346404036966693613319554076770304.000000 -19532983136595193091737765543936.000000 
47290393598083146168792191598592.000000 -43622494796065247218872281464832.000000 -2459779229737093505396131233792.000000 
2740541395406521714649566543872.000000 -2561883102090374589391887663104.000000 -144459111589022513094031572992.000000 
59547868179747166197322350592.000000 -56264225618552435342883946496.000000 -3172619406587458361113968640.000000 
361028912524685708758089728.000000 -344083245278525988938973184.000000 -19402118654456118456090624.000000 
396165352146893654720512.000000 -380521349341465693650944.000000 -21456785448825304121344.000000 
39007479323460460544.000000 -37764718497384284160.000000 -2129471746423659776.000000 
119710265382046.140625 -116861329672261.734375 -6589560565738.595703 
2981055.097783 -2927703.119423 -165086.920353 
0.000099 -0.000097 -0.000005 
0.000000 -0.000000 -0.000000 

