	1.44078e-01	-1.41719e+00	5.64955e+36	1.69520e-01	-1.28627e+00	4.34718e+30	1.44078e-01	-1.41719e+00	5.64955e+36
	1.44807e-01	-1.41485e+00	6.87761e+36	1.66486e-01	-1.26225e+00	1.35467e+31	1.44807e-01	-1.41485e+00	6.87761e+36
	1.45235e-01	-1.41307e+00	8.26821e+36	1.69381e-01	-1.25071e+00	4.09590e+31	1.45235e-01	-1.41307e+00	8.26822e+36
	1.45427e-01	-1.41205e+00	9.84990e+36	1.74613e-01	-1.24746e+00	9.38403e+31	1.45427e-01	-1.41205e+00	9.84992e+36
	1.45498e-01	-1.41154e+00	1.16741e+37	1.77033e-01	-1.24617e+00	1.82763e+32	1.45498e-01	-1.41154e+00	1.16742e+37
	1.45520e-01	-1.41138e+00	1.38022e+37	1.78400e-01	-1.24548e+00	3.27438e+32	1.45520e-01	-1.41138e+00	1.38023e+37
	1.45524e-01	-1.41135e+00	1.63067e+37	1.79272e-01	-1.24504e+00	5.57956e+32	1.45524e-01	-1.41134e+00	1.63067e+37
	1.45526e-01	-1.41134e+00	1.92625e+37	1.79877e-01	-1.24474e+00	9.19566e+32	1.45526e-01	-1.41134e+00	1.92626e+37
	1.45529e-01	-1.41134e+00	2.27537e+37	1.80322e-01	-1.24452e+00	1.47986e+33	1.45529e-01	-1.41134e+00	2.27539e+37
	1.45533e-01	-1.41134e+00	2.68771e+37	1.80663e-01	-1.24436e+00	2.33936e+33	1.45534e-01	-1.41134e+00	2.68773e+37
	1.45539e-01	-1.41133e+00	3.17468e+37	1.80933e-01	-1.24422e+00	3.64686e+33	1.45539e-01	-1.41133e+00	3.17470e+37
	1.45546e-01	-1.41133e+00	3.74974e+37	1.81153e-01	-1.24412e+00	5.62188e+33	1.45547e-01	-1.41133e+00	3.74977e+37
	1.45556e-01	-1.41132e+00	4.42876e+37	1.81336e-01	-1.24403e+00	8.58699e+33	1.45556e-01	-1.41132e+00	4.42880e+37
	1.45569e-01	-1.41131e+00	5.23043e+37	1.81491e-01	-1.24395e+00	1.30145e+34	1.45569e-01	-1.41131e+00	5.23050e+37
	1.45585e-01	-1.41130e+00	6.17677e+37	1.81625e-01	-1.24388e+00	1.95932e+34	1.45585e-01	-1.41130e+00	6.17685e+37
	1.45605e-01	-1.41129e+00	7.29366e+37	1.81743e-01	-1.24383e+00	2.93239e+34	1.45606e-01	-1.41128e+00	7.29377e+37
	1.45632e-01	-1.41127e+00	8.61150e+37	1.81849e-01	-1.24378e+00	4.36537e+34	1.45632e-01	-1.41126e+00	8.61163e+37
	1.45665e-01	-1.41125e+00	1.01660e+38	1.81947e-01	-1.24373e+00	6.46638e+34	1.45666e-01	-1.41124e+00	1.01661e+38
	1.45708e-01	-1.41122e+00	1.19988e+38	1.82039e-01	-1.24370e+00	9.53298e+34	1.45708e-01	-1.41121e+00	1.19990e+38
	1.45762e-01	-1.41118e+00	1.41588e+38	1.82127e-01	-1.24367e+00	1.39874e+35	1.45763e-01	-1.41118e+00	1.41591e+38
	1.45831e-01	-1.41113e+00	1.67027e+38	1.82212e-01	-1.24366e+00	2.04238e+35	1.45831e-01	-1.41113e+00	1.67030e+38
	1.45918e-01	-1.41107e+00	1.96964e+38	1.82297e-01	-1.24366e+00	2.96697e+35	1.45918e-01	-1.41107e+00	1.96968e+38
	1.46028e-01	-1.41100e+00	2.32157e+38	1.82382e-01	-1.24368e+00	4.28621e+35	1.46028e-01	-1.41099e+00	2.32162e+38
	1.46166e-01	-1.41090e+00	2.73479e+38	1.82473e-01	-1.24372e+00	6.15335e+35	1.46167e-01	-1.41090e+00	2.73486e+38
	1.46339e-01	-1.41078e+00	3.21919e+38	1.82578e-01	-1.24381e+00	8.76908e+35	1.46340e-01	-1.41078e+00	3.21927e+38
	1.46556e-01	-1.41063e+00	3.78590e+38	1.82698e-01	-1.24398e+00	1.23870e+36	1.46556e-01	-1.41062e+00	3.78600e+38
	1.46824e-01	-1.41043e+00	4.44724e+38	1.82827e-01	-1.24427e+00	1.73186e+36	1.46824e-01	-1.41043e+00	4.44735e+38
	1.47154e-01	-1.41019e+00	5.21666e+38	1.82949e-01	-1.24471e+00	2.39442e+36	1.47154e-01	-1.41019e+00	5.21681e+38
	1.47556e-01	-1.40989e+00	6.10842e+38	1.83044e-01	-1.24528e+00	3.27373e+36	1.47557e-01	-1.40988e+00	6.10859e+38
	1.48042e-01	-1.40952e+00	7.13722e+38	1.83102e-01	-1.24590e+00	4.43089e+36	1.48042e-01	-1.40951e+00	7.13745e+38
	1.48619e-01	-1.40906e+00	8.31754e+38	1.83124e-01	-1.24651e+00	5.94686e+36	1.48619e-01	-1.40905e+00	8.31779e+38
	1.49292e-01	-1.40851e+00	9.66283e+38	1.83132e-01	-1.24706e+00	7.92847e+36	1.49293e-01	-1.40851e+00	9.66318e+38
	1.50061e-01	-1.40788e+00	1.11846e+39	1.83135e-01	-1.24753e+00	1.05140e+37	1.50061e-01	-1.40787e+00	1.11849e+39
	1.50913e-01	-1.40715e+00	1.28913e+39	1.83134e-01	-1.24794e+00	1.38793e+37	1.50914e-01	-1.40714e+00	1.28918e+39
	1.51828e-01	-1.40635e+00	1.47880e+39	1.83130e-01	-1.24832e+00	1.82453e+37	1.51829e-01	-1.40634e+00	1.47885e+39
	1.52773e-01	-1.40550e+00	1.68755e+39	1.83125e-01	-1.24869e+00	2.38849e+37	1.52774e-01	-1.40549e+00	1.68763e+39
	1.53711e-01	-1.40462e+00	1.91512e+39	1.83117e-01	-1.24910e+00	3.11302e+37	1.53711e-01	-1.40461e+00	1.91520e+39
	1.54604e-01	-1.40374e+00	2.16090e+39	1.83107e-01	-1.24956e+00	4.03785e+37	1.54605e-01	-1.40373e+00	2.16101e+39
	1.55430e-01	-1.40289e+00	2.42403e+39	1.83093e-01	-1.25008e+00	5.20949e+37	1.55430e-01	-1.40288e+00	2.42415e+39
	1.56183e-01	-1.40206e+00	2.70334e+39	1.83075e-01	-1.25069e+00	6.68096e+37	1.56184e-01	-1.40205e+00	2.70350e+39
	1.56888e-01	-1.40124e+00	2.99717e+39	1.83050e-01	-1.25140e+00	8.51079e+37	1.56888e-01	-1.40123e+00	2.99734e+39
	1.57593e-01	-1.40041e+00	3.30312e+39	1.83017e-01	-1.25222e+00	1.07607e+38	1.57594e-01	-1.40039e+00	3.30336e+39
	1.58360e-01	-1.39955e+00	3.61780e+39	1.82973e-01	-1.25319e+00	1.34921e+38	1.58362e-01	-1.39954e+00	3.61805e+39
	1.59256e-01	-1.39865e+00	3.93660e+39	1.82915e-01	-1.25433e+00	1.67599e+38	1.59257e-01	-1.39864e+00	3.93694e+39
	1.60345e-01	-1.39770e+00	4.25374e+39	1.82840e-01	-1.25567e+00	2.06049e+38	1.60346e-01	-1.39769e+00	4.25410e+39
	1.61694e-01	-1.39670e+00	4.56236e+39	1.82744e-01	-1.25725e+00	2.50429e+38	1.61695e-01	-1.39668e+00	4.56286e+39
	1.63365e-01	-1.39562e+00	4.85469e+39	1.82624e-01	-1.25911e+00	3.00528e+38	1.63366e-01	-1.39560e+00	4.85521e+39
	1.65418e-01	-1.39446e+00	5.12239e+39	1.82473e-01	-1.26130e+00	3.55638e+38	1.65420e-01	-1.39444e+00	5.12311e+39
	1.67903e-01	-1.39320e+00	5.35690e+39	1.82288e-01	-1.26388e+00	4.14434e+38	1.67904e-01	-1.39318e+00	5.35765e+39
	1.70853e-01	-1.39183e+00	5.54990e+39	1.82064e-01	-1.26691e+00	4.74906e+38	1.70854e-01	-1.39180e+00	5.55093e+39
	1.74288e-01	-1.39033e+00	5.69370e+39	1.81801e-01	-1.27045e+00	5.34354e+38	1.74288e-01	-1.39030e+00	5.69476e+39
	1.78207e-01	-1.38869e+00	5.78162e+39	1.81498e-01	-1.27456e+00	5.89496e+38	1.78207e-01	-1.38865e+00	5.78307e+39
	1.82600e-01	-1.38692e+00	5.80844e+39	1.81163e-01	-1.27930e+00	6.36699e+38	1.82598e-01	-1.38689e+00	5.80991e+39
	1.87451e-01	-1.38504e+00	5.77066e+39	1.80809e-01	-1.28470e+00	6.72353e+38	1.87447e-01	-1.38499e+00	5.77269e+39
	1.92742e-01	-1.38306e+00	5.66691e+39	1.80457e-01	-1.29079e+00	6.93317e+38	1.92736e-01	-1.38302e+00	5.66895e+39
	1.98428e-01	-1.38102e+00	5.49809e+39	1.80137e-01	-1.29755e+00	6.97388e+38	1.98416e-01	-1.38096e+00	5.50089e+39
	2.04417e-01	-1.37897e+00	5.26755e+39	1.79883e-01	-1.30495e+00	6.83641e+38	2.04402e-01	-1.37890e+00	5.27034e+39
	2.10551e-01	-1.37685e+00	4.98004e+39	1.79724e-01	-1.31297e+00	6.52551e+38	2.10525e-01	-1.37677e+00	4.98388e+39
	2.15076e-01	-1.37696e+00	4.61922e+39	1.79671e-01	-1.32157e+00	6.05848e+38	2.15044e-01	-1.37687e+00	4.62300e+39
	2.20758e-01	-1.37639e+00	4.23419e+39	1.79713e-01	-1.33077e+00	5.46267e+38	2.20704e-01	-1.37626e+00	4.23938e+39
	2.28696e-01	-1.37352e+00	3.85082e+39	1.79815e-01	-1.34053e+00	4.77378e+38	2.28629e-01	-1.37339e+00	3.85589e+39
	2.36585e-01	-1.37082e+00	3.44028e+39	1.79958e-01	-1.35073e+00	4.03438e+38	2.36466e-01	-1.37063e+00	3.44725e+39
	2.43267e-01	-1.36989e+00	2.99960e+39	1.80150e-01	-1.36117e+00	3.28999e+38	2.43120e-01	-1.36969e+00	3.00637e+39
	2.50817e-01	-1.36896e+00	2.56412e+39	1.80406e-01	-1.37154e+00	2.58303e+38	2.50553e-01	-1.36865e+00	2.57341e+39
	2.60918e-01	-1.36568e+00	2.16463e+39	1.80732e-01	-1.38150e+00	1.94711e+38	2.60577e-01	-1.36534e+00	2.17360e+39
	2.70957e-01	-1.36263e+00	1.78575e+39	1.81126e-01	-1.39073e+00	1.40390e+38	2.70322e-01	-1.36210e+00	1.79807e+39
	2.81873e-01	-1.35922e+00	1.43992e+39	1.81583e-01	-1.39906e+00	9.62989e+37	2.81031e-01	-1.35863e+00	1.45176e+39
	2.93951e-01	-1.35543e+00	1.13163e+39	1.82092e-01	-1.40643e+00	6.23902e+37	2.92321e-01	-1.35448e+00	1.14790e+39
	3.07455e-01	-1.35126e+00	8.63743e+38	1.82622e-01	-1.41286e+00	3.78593e+37	3.05186e-01	-1.35017e+00	8.79310e+38
	3.22468e-01	-1.34657e+00	6.37327e+38	1.83137e-01	-1.41833e+00	2.13302e+37	3.17832e-01	-1.34475e+00	6.58711e+38
	3.37416e-01	-1.34296e+00	4.49189e+38	1.83602e-01	-1.42285e+00	1.10637e+37	3.30583e-01	-1.34071e+00	4.69569e+38
	3.55253e-01	-1.33786e+00	3.05013e+38	1.83989e-01	-1.42649e+00	5.24059e+36	3.40550e-01	-1.33385e+00	3.33007e+38
	3.73661e-01	-1.33265e+00	1.97084e+38	1.84266e-01	-1.42942e+00	2.24878e+36	3.50747e-01	-1.32750e+00	2.23645e+38
	3.91767e-01	-1.32846e+00	1.19913e+38	1.84386e-01	-1.43186e+00	8.66686e+35	3.42622e-01	-1.31861e+00	1.56399e+38
	4.12870e-01	-1.32260e+00	6.94744e+37	1.84290e-01	-1.43404e+00	2.97046e+35	3.36173e-01	-1.30946e+00	1.03926e+38
	4.30915e-01	-1.31970e+00	3.69532e+37	1.83907e-01	-1.43619e+00	8.94685e+34	2.91108e-01	-1.29500e+00	8.42778e+37
	4.55753e-01	-1.31354e+00	1.88532e+37	1.83173e-01	-1.43848e+00	2.33356e+34	2.63768e-01	-1.28268e+00	6.33019e+37
	4.77931e-01	-1.30969e+00	8.70202e+36	1.82038e-01	-1.44104e+00	5.17547e+33	2.19564e-01	-1.26624e+00	6.97585e+37
	5.04029e-01	-1.30415e+00	3.76141e+36	1.80480e-01	-1.44392e+00	9.54552e+32	2.02791e-01	-1.25890e+00	6.07650e+37
	5.30252e-01	-1.29912e+00	1.47120e+36	1.78510e-01	-1.44717e+00	1.42582e+32	1.89434e-01	-1.25319e+00	7.97736e+37
	5.57653e-01	-1.29439e+00	5.16659e+35	1.76178e-01	-1.45080e+00	1.67237e+31	1.85682e-01	-1.25231e+00	7.31328e+37
	5.86210e-01	-1.29005e+00	1.60726e+35	1.73575e-01	-1.45477e+00	1.48620e+30	1.83696e-01	-1.25160e+00	9.99092e+37
	6.15853e-01	-1.28617e+00	4.35939e+34	1.70824e-01	-1.45899e+00	9.59985e+28	1.83222e-01	-1.25228e+00	9.18570e+37
	6.46459e-01	-1.28270e+00	1.01120e+34	1.68075e-01	-1.46326e+00	4.29154e+27	1.83054e-01	-1.25223e+00	1.26129e+38
	6.76926e-01	-1.28098e+00	1.90710e+33	1.65482e-01	-1.46726e+00	1.25168e+26	1.82981e-01	-1.25320e+00	1.15120e+38
	7.09726e-01	-1.27862e+00	3.02837e+32	1.63188e-01	-1.47051e+00	2.21595e+24	1.82974e-01	-1.25319e+00	1.58131e+38
	7.41109e-01	-1.27708e+00	3.72322e+31	1.61298e-01	-1.47240e+00	2.17919e+22	1.82915e-01	-1.25433e+00	1.43000e+38
	7.72619e-01	-1.27797e+00	3.22835e+30	1.59867e-01	-1.47231e+00	1.06853e+20	1.82915e-01	-1.25433e+00	1.96431e+38
	8.04929e-01	-1.27802e+00	2.14602e+29	1.58906e-01	-1.46969e+00	2.29493e+17	1.82840e-01	-1.25567e+00	1.75806e+38
	8.34365e-01	-1.27943e+00	9.17108e+27	1.58395e-01	-1.46424e+00	1.85297e+14	1.82840e-01	-1.25567e+00	2.41494e+38
	8.61257e-01	-1.28162e+00	2.41343e+26	1.58286e-01	-1.45633e+00	4.71364e+10	1.82744e-01	-1.25725e+00	2.13672e+38
	8.82096e-01	-1.28381e+00	3.64397e+24	1.58441e-01	-1.44917e+00	3.11364e+06	1.82744e-01	-1.25725e+00	2.93509e+38
	8.93066e-01	-1.28493e+00	2.91703e+22	1.58590e-01	-1.44771e+00	4.27974e+01	1.82624e-01	-1.25911e+00	2.56418e+38
	8.92398e-01	-1.28400e+00	1.12735e+20	1.58659e-01	-1.44798e+00	9.01044e-05	1.82624e-01	-1.25911e+00	3.52226e+38
	8.92741e-01	-1.28377e+00	1.66058e+17	1.58687e-01	-1.44800e+00	2.07501e-11	1.82473e-01	-1.26130e+00	3.03439e+38
	8.92862e-01	-1.28368e+00	7.98014e+13	1.58695e-01	-1.44800e+00	3.58370e-19	1.82473e-01	-1.26130e+00	4.16816e+38
	8.92897e-01	-1.28366e+00	1.02997e+10	1.58697e-01	-1.44800e+00	2.97872e-28	1.82288e-01	-1.26388e+00	3.53605e+38
	8.92905e-01	-1.28365e+00	2.84536e+05	1.58698e-01	-1.44800e+00	7.15545e-39	1.82288e-01	-1.26388e+00	4.85726e+38
	8.92906e-01	-1.28365e+00	1.29023e+00	1.58698e-01	-1.44800e+00	2.33815e-51	1.82064e-01	-1.26691e+00	4.05202e+38
	8.92906e-01	-1.28365e+00	8.24730e-07	nan	0.00000e+00	0.00000e+00	1.82064e-01	-1.26691e+00	5.56601e+38
