	1.01805e-01	1.18995e+00	8.25296e+28	-0.00000e+00	1.57080e+00	-3.06363e-208	1.01805e-01	1.18995e+00	8.25296e+28
	1.01825e-01	1.18998e+00	7.61505e+29	-0.00000e+00	1.57080e+00	-1.09076e-207	1.01825e-01	1.18998e+00	7.61505e+29
	1.01854e-01	1.19002e+00	7.02652e+30	0.00000e+00	0.00000e+00	2.09611e-285	1.01854e-01	1.19002e+00	7.02652e+30
	1.01896e-01	1.19001e+00	6.48422e+31	0.00000e+00	0.00000e+00	7.46281e-285	1.01896e-01	1.19001e+00	6.48422e+31
	1.01970e-01	1.19001e+00	5.98376e+32	0.00000e+00	0.00000e+00	2.65703e-284	1.01970e-01	1.19001e+00	5.98376e+32
	1.02097e-01	1.19000e+00	5.52192e+33	0.00000e+00	0.00000e+00	9.45986e-284	1.02097e-01	1.19000e+00	5.52192e+33
	1.02308e-01	1.19000e+00	5.09571e+34	0.00000e+00	0.00000e+00	3.36805e-283	1.02308e-01	1.19000e+00	5.09571e+34
	1.02708e-01	1.18980e+00	4.67137e+35	0.00000e+00	0.00000e+00	1.19913e-282	1.02708e-01	1.18980e+00	4.67137e+35
	1.11585e-01	1.15524e+00	3.66154e+36	0.00000e+00	0.00000e+00	4.26934e-282	1.11585e-01	1.15524e+00	3.66154e+36
	1.19434e-01	1.13911e+00	2.03926e+37	0.00000e+00	0.00000e+00	1.52002e-281	1.19434e-01	1.13911e+00	2.03926e+37
	1.28982e-01	1.16899e+00	6.97927e+37	0.00000e+00	0.00000e+00	5.41182e-281	1.28982e-01	1.16899e+00	6.97927e+37
	1.15934e-01	1.11908e+00	1.84726e+38	0.00000e+00	0.00000e+00	1.92678e-280	1.15934e-01	1.11908e+00	1.84726e+38
	1.06989e-01	1.16967e+00	4.27262e+38	0.00000e+00	0.00000e+00	6.86002e-280	1.06989e-01	1.16967e+00	4.27262e+38
	1.04672e-01	1.23565e+00	9.14671e+38	0.00000e+00	0.00000e+00	2.44238e-279	1.04672e-01	1.23565e+00	9.14671e+38
	1.04449e-01	1.28049e+00	1.86412e+39	0.00000e+00	0.00000e+00	8.69577e-279	1.04449e-01	1.28049e+00	1.86412e+39
	1.04711e-01	1.30169e+00	3.10223e+39	0.00000e+00	0.00000e+00	3.09597e-278	1.04711e-01	1.30169e+00	3.10223e+39
	1.05127e-01	1.31275e+00	4.26435e+39	0.00000e+00	0.00000e+00	1.10228e-277	1.05127e-01	1.31275e+00	4.26435e+39
	1.05818e-01	1.32300e+00	5.52259e+39	0.00000e+00	0.00000e+00	3.92445e-277	1.05818e-01	1.32300e+00	5.52259e+39
	1.06894e-01	1.33304e+00	6.97989e+39	0.00000e+00	1.57080e+00	1.39724e-276	1.06894e-01	1.33304e+00	6.97989e+39
	1.08254e-01	1.34126e+00	8.64932e+39	0.00000e+00	1.57080e+00	4.97463e-276	1.08254e-01	1.34126e+00	8.64932e+39
	1.09607e-01	1.34610e+00	1.04942e+40	0.00000e+00	0.00000e+00	1.77115e-275	1.09607e-01	1.34610e+00	1.04942e+40
	1.10742e-01	1.34747e+00	1.24358e+40	0.00000e+00	0.00000e+00	6.30584e-275	1.10742e-01	1.34747e+00	1.24358e+40
	1.11719e-01	1.34647e+00	1.43591e+40	0.00000e+00	0.00000e+00	2.24511e-274	1.11719e-01	1.34647e+00	1.43591e+40
	1.12697e-01	1.34420e+00	1.61239e+40	0.00000e+00	0.00000e+00	7.99328e-274	1.12697e-01	1.34420e+00	1.61239e+40
	1.13761e-01	1.34126e+00	1.75877e+40	0.00000e+00	0.00000e+00	2.84590e-273	1.13761e-01	1.34126e+00	1.75877e+40
	1.14933e-01	1.33793e+00	1.86273e+40	0.00000e+00	0.00000e+00	1.01323e-272	1.14933e-01	1.33793e+00	1.86273e+40
	1.16252e-01	1.33434e+00	1.91384e+40	0.00000e+00	0.00000e+00	3.60746e-272	1.16252e-01	1.33434e+00	1.91384e+40
	1.17814e-01	1.33045e+00	1.90361e+40	0.00000e+00	0.00000e+00	1.28437e-271	1.17814e-01	1.33045e+00	1.90361e+40
	1.19868e-01	1.32575e+00	1.82451e+40	0.00000e+00	0.00000e+00	4.57282e-271	1.19868e-01	1.32575e+00	1.82451e+40
	1.25282e-01	1.30957e+00	1.60189e+40	0.00000e+00	0.00000e+00	1.62807e-270	1.25282e-01	1.30957e+00	1.60189e+40
	1.27171e-01	1.30579e+00	1.41829e+40	0.00000e+00	0.00000e+00	5.79650e-270	1.27171e-01	1.30579e+00	1.41829e+40
	1.28720e-01	1.30262e+00	1.04556e+40	0.00000e+00	0.00000e+00	2.06374e-269	1.28720e-01	1.30262e+00	1.04556e+40
	1.29607e-01	1.30182e+00	1.00482e+40	0.00000e+00	0.00000e+00	7.34765e-269	1.29607e-01	1.30182e+00	1.00482e+40
	1.31608e-01	1.29805e+00	7.85617e+39	0.00000e+00	0.00000e+00	2.61599e-268	1.31608e-01	1.29805e+00	7.85617e+39
	1.35865e-01	1.28981e+00	5.62584e+39	0.00000e+00	0.00000e+00	9.31388e-268	1.35865e-01	1.28981e+00	5.62584e+39
	1.41345e-01	1.27939e+00	3.61736e+39	0.00000e+00	0.00000e+00	3.31603e-267	1.41345e-01	1.27939e+00	3.61736e+39
	1.48040e-01	1.26878e+00	2.03650e+39	0.00000e+00	0.00000e+00	1.18063e-266	1.48040e-01	1.26878e+00	2.03650e+39
	1.54046e-01	1.26191e+00	1.00200e+39	0.00000e+00	0.00000e+00	4.20340e-266	1.54046e-01	1.26191e+00	1.00200e+39
	1.63629e-01	1.25349e+00	4.08443e+38	0.00000e+00	0.00000e+00	1.49656e-265	1.63629e-01	1.25349e+00	4.08443e+38
	1.76478e-01	1.24464e+00	1.33706e+38	0.00000e+00	0.00000e+00	5.32823e-265	1.76478e-01	1.24464e+00	1.33706e+38
	1.96914e-01	1.22946e+00	3.25495e+37	0.00000e+00	0.00000e+00	1.89704e-264	1.96914e-01	1.22946e+00	3.25495e+37
	2.24169e-01	1.21796e+00	5.73794e+36	0.00000e+00	0.00000e+00	6.75407e-264	2.24169e-01	1.21796e+00	5.73794e+36
	2.54562e-01	1.20992e+00	6.86042e+35	0.00000e+00	0.00000e+00	2.40469e-263	2.54562e-01	1.20992e+00	6.86042e+35
	2.99759e-01	1.19149e+00	4.70974e+34	0.00000e+00	0.00000e+00	8.56146e-263	2.99759e-01	1.19149e+00	4.70974e+34
	3.40183e-01	1.17695e+00	1.72731e+33	0.00000e+00	0.00000e+00	3.04819e-262	3.40183e-01	1.17695e+00	1.72731e+33
	3.73612e-01	1.15930e+00	2.49440e+31	0.00000e+00	0.00000e+00	1.08525e-261	3.73612e-01	1.15930e+00	2.49440e+31
	3.96397e-01	1.13931e+00	8.93810e+28	0.00000e+00	0.00000e+00	3.86388e-261	3.96397e-01	1.13931e+00	8.93810e+28
	4.04388e-01	1.12994e+00	4.40538e+25	0.00000e+00	0.00000e+00	1.37566e-260	4.04388e-01	1.12994e+00	4.40538e+25
	4.07778e-01	1.12455e+00	1.29947e+21	0.00000e+00	0.00000e+00	4.89786e-260	4.07778e-01	1.12455e+00	1.29947e+21
	4.07778e-01	1.12455e+00	7.92344e+14	0.00000e+00	0.00000e+00	1.74379e-259	4.07778e-01	1.12455e+00	7.92344e+14
