683485938927548344801626342111051776.000000 351639335150008114550464401123573760.000000 298446396784444729047826036133199872.000000 
963663919825398259792239785104375808.000000 499524482184604523190438361305186304.000000 423960765794342319728955105334001664.000000 
1329624522887909321189661030093946880.000000 691191787498232868712672953693634560.000000 586634309207322748048272413775888384.000000 
1815721670534994093363466351239233536.000000 944704483389348259383261387991023616.000000 801797810740898246150926763619778560.000000 
2474785001331584667438182977465483264.000000 1288507995763764227916190023371718656.000000 1093593719825440563701475931089534976.000000 
3368384410745637976033690899311493120.000000 1755539430050200547500573634534047744.000000 1489976703226309589071566709035368448.000000 
4575206583097045001498389449705259008.000000 2387955866490555488948721946881687552.000000 2026726684972140129530011687011221504.000000 
6195612835915978313285747050429808640.000000 3240163823565032755485602010114293760.000000 2750020038917911149043525641805234176.000000 
8353510805956864827401186446762049536.000000 4380329812786519794462382813341548544.000000 3717711639956129320906931631453896704.000000 
11195056762651421715439631707332935680.000000 5890220057898549537872184635341930496.000000 4999198829099613574641751730822316032.000000 
14882624980881558815132055210471456768.000000 7862251248207810081489559918594752512.000000 6672918303183095206006577740285739008.000000 
19584194114640502639464712817063493632.000000 10393527269856868378886733098720952320.000000 8821284917531725308972430048698040320.000000 
25461467849888483845004633912475910144.000000 13578797911837714013832144103996915712.000000 11524715537649702463238087024725458944.000000 
32660759399309209881923007187284656128.000000 17505456370437869767363280126286495744.000000 14857383277657940258165142054647103488.000000 
41303377549316660860113902847087607808.000000 22249637981756690176411575837427499008.000000 18883906382603271043681762197643460608.000000 
51461148444109998122443223657302982656.000000 27864608693244510312184815487868207104.000000 23649493190970024761908509858229911552.000000 
63104910910615692683975544735411470336.000000 34352313395489971484834843413706702848.000000 29155794387224599424610682015590645760.000000 
76031151824496465910523126076758032384.000000 41619710151105559765963333007925313536.000000 35323842608539729975169772365084098560.000000 
89787456221565817603047322708229488640.000000 49432092357881302287210973557187149824.000000 41954435624877001148307953383762821120.000000 
103636014007148383684174148149603991552.000000 57387202808802381647545245911331373056.000000 48706166198724344805145260394792615936.000000 
116598519024297170671044721317469224960.000000 64937378996300329865483570438714949632.000000 55114217440446934371029951352533942272.000000 
127568872370928627527766392663850352640.000000 71453546089927426402337388688608067584.000000 60644675485218062552436536240114761728.000000 
135437083014302271133543510682326007808.000000 76296748479604091470867142436336959488.000000 64755240366931871444946876130977120256.000000 
139197911671813223888982314882193948672.000000 78879059119709047776234532939390517248.000000 66946921526801860230537063472725753856.000000 
138072181883989083285326421556107149312.000000 78732180631176826903172775267377610752.000000 66822261537756845051785581835734482944.000000 
131661170432043663724215321987710451712.000000 75591727851232835192975241569917468672.000000 64156869123548865246583534548663926784.000000 
120020625121021851274614136057987334144.000000 69430890468490922835433929635920871424.000000 58927989603372715398339440651209277440.000000 
103805869028196359295629369084418719744.000000 60548628845939244384971530090930241536.000000 51389359218303762777106624862713020416.000000 
84478159044407550667730383730055839744.000000 49710750877503133531014871914878337024.000000 42190941108767049377158304172529942528.000000 
63847511782722118960249900572570812416.000000 37908448157885004654837727130615283712.000000 32173988031186418459929332470601744384.000000 
45448181710649571675920984673095778304.000000 27288065611492469681322601236200947712.000000 23160164529071332932907773094216597504.000000 
29688880997334701663994079179855364096.000000 18043010217943286666231431420488712192.000000 15313620657350320370090805724417359872.000000 
17460275406349935103455803440248127488.000000 10747586345031732453132496032705282048.000000 9121785017128641841644729328371499008.000000 
9103444446053454389040393782218981376.000000 5680142992383380939585045722713554944.000000 4820900393791438782421089993210462208.000000 
4062180719256219871381627749005262848.000000 2570123284514044737979581475497967616.000000 2181337401368367208518526173586653184.000000 
1530781905405596805451894602753638400.000000 983591039063332285304400276111753216.000000 834801946695447233766754626754838528.000000 
458614758525892882305000342095396864.000000 299461137221375765760878591856345088.000000 254161262540681222766972051119931392.000000 
102176585669694263078474144676839424.000000 67857103441702038390817090500034560.000000 57592271381601868696193465101320192.000000 
15869636104620062783938232504549376.000000 10739987129692241224685021978165248.000000 9115335344951060725749409147518976.000000 
1562765703123741594772094612144128.000000 1081214119793213945644935853113344.000000 917657457369192479165455829827584.000000 
89810372548877763323332122378240.000000 63743513670790982910764998721536.000000 54100949671378430600632227332096.000000 
2669020278947883394906449772544.000000 1944671243821550333792392052736.000000 1650498302191585047624477048832.000000 
36006971703423115170647375872.000000 26817832726136874772497170432.000000 22761064382257381193858154496.000000 
147644315616831716336861184.000000 111500634073965520832430080.000000 94633788521867372144885760.000000 
136821866450283764121600.000000 104031646954433252687872.000000 88294644772483016687616.000000 
17241244428537765888.000000 13138783396717438976.000000 11151262589007083520.000000 
3309157811446737.000000 2522858752639690.000000 2141222636540971.000000 
237797178375.297455 181300343620.843140 153874805463.216644 
861332.527999 656694.888130 557355.800555 
0.061911 0.047202 0.040062 

523248646552118862579208900675895296.000000 200147785085980295272813596449439744.000000 290890249491089872177955456503775232.000000 
736773225412457679714258397119381504.000000 283943908832670677634770911098830848.000000 412677634410636302136027720777203712.000000 
1015290925585912655615403615580061696.000000 392397387614592353371686724257710080.000000 570301459663048187116772918606954496.000000 
1386468880743957936643441926778912768.000000 536318607353756950497096881108156416.000000 779473294859740180593548446593449984.000000 
1889720697014764864872155395924164608.000000 731498194996442252894489646540521472.000000 1063142878915135080824440016320069632.000000 
2572059938367579266747313335581016064.000000 996634545839289970459513845283028992.000000 1448486035286818967256573298635440128.000000 
3493570882096060591753762397610835968.000000 1355660360557524583100705719787192320.000000 1970286008103227417997682271361957888.000000 
4730891194631177983103826234125058048.000000 1839463224940262126774132859056685056.000000 2673434113711002198367228198119276544.000000 
6378647947509454628275381953466728448.000000 2486745428347097157715085097992978432.000000 3614179381310491642397709398481829888.000000 
8548484886367348583049099402199171072.000000 3343939413219005013974361543779811328.000000 4860005669193390195777297522309988352.000000 
11364501825061484098970113277213802496.000000 4463550055507025876569750008798117888.000000 6487222372731390519338086361380945920.000000 
14955249600658883172936425735934967808.000000 5900808229326976187273388598746939392.000000 8576100791175997385282151255122116608.000000 
19444867101011993696479176994982985728.000000 7709757974808658691845967462768050176.000000 11205187306192701225246593461908406272.000000 
24946548122056352967314795031561240576.000000 9940595511997244884924240987137507328.000000 14447435965042986852578346448046784512.000000 
31556133654670583329661163419740405760.000000 12637856052762886117918322538215112704.000000 18367573234155072245014006774814998528.000000 
39335542793272255241134505625856770048.000000 15834756624185193614912997587010191360.000000 23013875986992184299569592048591831040.000000 
48277844268176028615702909562889699328.000000 19539010826706837557888792341065498624.000000 28397554995416134782245184033355988992.000000 
58258725501550402326047189579067293696.000000 23711426407491655958904861587559940096.000000 34461649128426942927153302138190299136.000000 
68988228105015317900227827615053905920.000000 28243402125555502462678414915903946752.000000 41048319806540293119214246083799547904.000000 
79984075315119300226345172010079879168.000000 32942965167849841368567033649055137792.000000 47878558099134146716122729598316183552.000000 
90588331007088210358910673395596132352.000000 37539612325012911047078595341536198656.000000 54559220779439489331322399238708527104.000000 
100020119237253973975952399788119425024.000000 41705672467601425367479306772058996736.000000 60614078062780605624212068952138842112.000000 
107440042046945983646544991004018081792.000000 45083262980554326581276044598576152576.000000 65522991476783791564465645922207924224.000000 
112016164612734247464695907123827048448.000000 47311020088437574730894272479165939712.000000 68760763109576783235372806097504043008.000000 
113009602885153438628083263707965030400.000000 48059483410458990178184720085174714368.000000 69848562719171308476953194574360084480.000000 
109918992964725140519264643495137116160.000000 47091207463400020465698196328888139776.000000 68441292427895195119620345271160930304.000000 
102578679718152534822819535526387777536.000000 44299172332273749742885425881555140608.000000 64383411919588243027898693240508907520.000000 
91220717219347677488942258041212895232.000000 39734516730163672042857909195018076160.000000 57749245039508654916009197252588339200.000000 
76603827646989741776171041042542362624.000000 33666473950888803218010043121693360128.000000 48930089347990008809141193569757822976.000000 
58936631864192723702152391399967817728.000000 26088577237601259402567110947401367552.000000 37916546207360320593489916424590721024.000000 
43833185270024248682959712771716939776.000000 19623438548998338931559095428748148736.000000 28520260331329747114814434109665837056.000000 
30231648758493930779909275985196875776.000000 13701089565236217757129315665393483776.000000 19912852696417383641020872075606228992.000000 
18932974382777946646847143539562774528.000000 8691100768892383034533494482370822144.000000 12631448656447790246040122740604665856.000000 
10674127973299581270161915459386998784.000000 4966740429925328187506315702772432896.000000 7218547845522287381936718745647972352.000000 
5166948084104194650959526341719883776.000000 2435483840219553919709273430966665216.000000 3539676952251261662965959888398712832.000000 
2206564459937802938451350218875076608.000000 1056148042455791356244785116068446208.000000 1534981600908113977324934122361061376.000000 
777961066537841369230083960334188544.000000 378383455668504042175889347719462912.000000 549933928948693379931976245360721920.000000 
212491475465449968193513423420522496.000000 105095279405100892802464686574403584.000000 152743094475678001471518045678600192.000000 
43365792162861508841069809917493248.000000 21854184177984783339811338822090752.000000 31762375412884443937855626320805888.000000 
6004060474568654311410129721884672.000000 3092508704173013256901462755115008.000000 4494581981628271003786063862824960.000000 
538649313510491797064565999534080.000000 284516683397795229397286047973376.000000 413510091967334683445948141535232.000000 
28469534786227342845640605433856.000000 15429837969602153896266453483520.000000 22425376402024742436626375901184.000000 
844457469659376814755059597312.000000 467758256319900677653808545792.000000 679829236301371473633747140608.000000 
9226374496122150159034351616.000000 5180912631187252325931548672.000000 7529820863269518739435945984.000000 
34034002514805104092119040.000000 19241010162004858293452800.000000 27964447590972812934774784.000000 
31833391193986086993920.000000 18036597327016709062656.000000 26213981304726036152320.000000 
14259872516750540800.000000 8082713378290045952.000000 11747232227255123968.000000 
1024719170764548.500000 580848496309795.875000 844192025085348.625000 
3711667059.608654 2103913487.900169 3057780125.520951 
266.788374 151.225762 219.788092 

304805764354586932053127485880008704.000000 -135860466106004739952887166626955264.000000 -154426354883261753857257497956450304.000000 
429720071514908604976961950834491392.000000 -192982731470302817456722804769554432.000000 -219354611613959728759370027483791360.000000 
592866448116177423287200718025392128.000000 -267010271735638036654673740129370112.000000 -303498318255080511656965538742009856.000000 
809612297136489005219660457884778496.000000 -364943251867091623071779263074009088.000000 -414814240966218915415956890755006464.000000 
1103481998752462079330969243315339264.000000 -497755921143968426979999907787571200.000000 -565776305108863013062930422095151104.000000 
1501928936373100977173436265693970432.000000 -678172005905018537551301858350333952.000000 -770846986304819586920849523892813824.000000 
2040038716502816522296184445031415808.000000 -922476948040467780447031095006855168.000000 -1048537198735764330116129562967408640.000000 
2762561546901246642919432348854386688.000000 -1251688228098648427410800479349768192.000000 -1422736547692587704639640611495870464.000000 
3724747036773459256720954696065351680.000000 -1692138989285560790912131255999922176.000000 -1923376708183297681043891459301834752.000000 
4991766195334499383973368203571101696.000000 -2275416378153823564921930169324666880.000000 -2586361339624744767313315143689961472.000000 
6636023957787777595703200805942198272.000000 -3037222902864449835828517862664830976.000000 -3452271844050343769570010127268839424.000000 
8732430090883822571069153051188133888.000000 -4015074358318620667886543702023208960.000000 -4563750703288598464317367498057973760.000000 
11353109457313478522253283205415174144.000000 -5245583132388304171623422119840317440.000000 -5962413537870565518455516285296967680.000000 
14563352190162438392222652009640099840.000000 -6762532889733177749908906578454511616.000000 -7686660688509954242203489342213586944.000000 
18417359005851095140540080430950383616.000000 -8595387581738575540368244562288705536.000000 -9769982476146348937267979042701705216.000000 
22947399471188967261907937538904948736.000000 -10764843268644801259148987929123094528.000000 -12235903162361980326845761833211527168.000000 
28140996852281250116170843464897921024.000000 -13271915404292439421016217154146533376.000000 -15085576966920984081001417787131822080.000000 
33908467200680350033160982441175810048.000000 -16081203126273229360418432407796973568.000000 -18278765354669503514079056319211372544.000000 
40049953797902393954367362681721061376.000000 -19103005503013309851050793514060218368.000000 -21713509394583560630486542936648450048.000000 
46239139844358865369320704399334440960.000000 -22183320572673206838916396282449756160.000000 -25214762126400428485020045606320603136.000000 
52042580604295263742954747574140010496.000000 -25112045883692557495142760114208899072.000000 -28543709738593812851069433525418590208.000000 
56968777589424054059495292445034283008.000000 -27647081204760383276307182883008675840.000000 -31425168012315427819113138308408934400.000000 
60522475667027315664287443141710053376.000000 -29541461890711323445861407497851502592.000000 -33578423572799030094938507274631512064.000000 
62252706486441023447671496835554344960.000000 -30566672963864911740084446396325822464.000000 -34743733935340733186076726109759602688.000000 
61806908248102762732017753259394465792.000000 -30539155356074405967693841536745734144.000000 -34712455933814657962928954548361887744.000000 
59000957473590557403796295007550308352.000000 -29353509336156252990440399889181442048.000000 -33364786532364596995868075556473929728.000000 
53853306963580350292101522782158848000.000000 -26996116967165965861445529806923890688.000000 -30685246847223607846692016003963944960.000000 
46647935562544305811527923624478507008.000000 -23578258127619884617670996594228461568.000000 -26800323607781651755985777248125845504.000000 
38026814468729429702943909299764592640.000000 -19390601848625353855516238168910200832.000000 -22040406957970121364575897265247354880.000000 
28779925717217692987508319487015256064.000000 -14806396604296210833399157832984559616.000000 -16829751303615698123552430536777531392.000000 
20537573321955475411496818780418342912.000000 -10685009876598859578283364280602460160.000000 -12145160210530768929373093647314059264.000000 
13457419020992782917069981065834135552.000000 -7086780807817717907104118701369065472.000000 -8055218411764137938094851307935367168.000000 
7942904460329300157141311084109496320.000000 -4236535137496147098584900153624231936.000000 -4815475004391085478766288390800277504.000000 
4159814082217736765829543072280608768.000000 -2249035260679369501116493467914076160.000000 -2556375134468135318612257784958287872.000000 
1865564438587246690314938195613057024.000000 -1022714636434617721174121625669337088.000000 -1162472777526986389488333247056183296.000000 
708170399315871330959956838453346304.000000 -394262447336264876672478713560956928.000000 -448140024501228790241203174351306752.000000 
214187333987954360638020341257469952.000000 -121179903497262574695786334795071488.000000 -137739633305737536644137807777890304.000000 
48295869449867862133229588035141632.000000 -27790346346564387463835640888557568.000000 -31588010922138524027810099855622144.000000 
7621236017142307127807626570629120.000000 -4468886923386493371291579969437696.000000 -5079578612851152299270010214285312.000000 
765733421928314777104231337820160.000000 -459015682571574253249645053476864.000000 -521742054369763621742977145110528.000000 
45177896526603867750279623475200.000000 -27781750002605690225225239625728.000000 -31578239852592596585427649953792.000000 
1389128663310953203706231783424.000000 -876899762673427555911303430144.000000 -996731704438555755823203614720.000000 
19624121131794093468798681088.000000 -12662971612260394758437863424.000000 -14393418513269506548741177344.000000 
85228121584804744824619008.000000 -55763039637047722991681536.000000 -63383287244437930322690048.000000 
85383191760841195126784.000000 -56245077474238865080320.000000 -63931197525086875680768.000000 
12053772394269632512.000000 -7958146730133724160.000000 -9045660053910140928.000000 
2453767860122976.500000 -1620729270102796.000000 -1842208558590557.000000 
176328572637.680878 -116470560739.299805 -132386739584.317184 
638685.186536 -421872.459410 -479523.057734 
0.045908 -0.030323 -0.034467 

267821765489340843463299037252288512.000000 -179409447623443091272455515753414656.000000 31131156600591241422667589856788480.000000 
368669826074288555064964830489214976.000000 -247669568477303701929455821430718464.000000 42975663899543299035521309283975168.000000 
503450380497507403965725420067749888.000000 -338507934949603123129752672131874816.000000 58737952059119176742232579937140736.000000 
686188710492236145870922495058509824.000000 -461698658824029411707948088028037120.000000 80114026549489752252619478202843136.000000 
933956037066093502380829638450479104.000000 -629043413182174655998449724055093248.000000 109151715607789760167440045026836480.000000 
1268569931078612885874946063336472576.000000 -855647622034410244249502162498879488.000000 148472114870923399979780540901359616.000000 
1717859658650533821954598064590159872.000000 -1161006826657858233606903043496869888.000000 201458093839638537612306109616357376.000000 
2316189731032490364335108922112212992.000000 -1569550593343147432407904722425479168.000000 272348674839416527906945824941146112.000000 
3104112308312222225152770421108506624.000000 -2110592611661315145064163885799440384.000000 366230374063610351745273144618778624.000000 
4126724867176961142498770648091852800.000000 -2817293311739195376977237476739383296.000000 488857194753945488637625207548280832.000000 
5430794155259657455694229375270518784.000000 -3724568630717148401932695429699338240.000000 646287756015331676359923069031022592.000000 
7061602150158603191676169813600763904.000000 -4866665770576276939567799094705389568.000000 844464637918824049291715277263732736.000000 
9060705771566841366434174375888420864.000000 -6275579744269855353314703087727804416.000000 1088939620328194902347298737513037824.000000 
11463898444270195240206252016746364928.000000 -7980124506611440737925960295663009792.000000 1384712505380207353811075456248578048.000000 
14295850439942554425633907505650204672.000000 -10002865103383623178656418686857904128.000000 1735698783497815594221544026096533504.000000 
17558801571454998912510542309524242432.000000 -12352233571166266351385859793382014976.000000 2143361583043024975374591035787182080.000000 
21217354982454512992903516353556643840.000000 -15010921289405059737748775574343516160.000000 2604697509355444576585632300469846016.000000 
25184031546721627392094064321079803904.000000 -17924147547263579112254095974876577792.000000 3110201004559884410222102185160736768.000000 
29311027319452625511888539742873059328.000000 -20992109069883624663503657280202604544.000000 3642554188132099582760703272062812160.000000 
33392554521539066015592862034797002752.000000 -24070297916771413471699930018022948864.000000 4176682018678607960298696980423507968.000000 
37174885527787289253410372101179703296.000000 -26975947522527332574150772669632479232.000000 4680870811974983265178405978714931200.000000 
40369591463255068876139688697545097216.000000 -29497093800130429926590232403610959872.000000 5118340525085031632191918301029335040.000000 
42669489455220945925808363991373709312.000000 -31403040805839799375948680260963270656.000000 5449060760240661572597492577829126144.000000 
43772651519614478321635481789944299520.000000 -32460814014103992096283357489188044800.000000 5632605739786545104170667027059441664.000000 
43436312894359651045647687224997707776.000000 -32474161145050583032225655167878430720.000000 5634921736124360569743120767662424064.000000 
41529445715261765223034990216192458752.000000 -31321190965857518783574251517971005440.000000 5434858162663028887407081593312903168.000000 
38050516094347089022362282285854621696.000000 -28968878803477003708388992968550252544.000000 5026684572751288632884597200718397440.000000 
33172816362667854466731112758266298368.000000 -25508233868237316013485816484445814784.000000 4426192899402461667055027238811467776.000000 
26661929628246229547575355584643334144.000000 -20671201507041735470780533408954056704.000000 3586870255510485683421241142325280768.000000 
20630868389929903367934622816630996992.000000 -16175801979561560161951354340534910976.000000 2806827796620919681431125696788299776.000000 
14875873365785492118694789666534588416.000000 -11800712461567928620107733654902407168.000000 2047661550191497714538293229602734080.000000 
9836294045384751827230796039275413504.000000 -7899052542927922566411025586780635136.000000 1370644885024747792952078317178060800.000000 
5924633460473723110260554408916942848.000000 -4820491087558360326635655981214728192.000000 836452399393736181574600515418849280.000000 
3125115135792756431398122846290968576.000000 -2575112719101853557997725351965360128.000000 446833978837015244431217364169654272.000000 
1480632311775991874233259396689821696.000000 -1237993517821625926262317128565653504.000000 214816837041450930718961098182098944.000000 
595922612187571055205034693884903424.000000 -505893953765277129798441901060259840.000000 87782801332816847302277940083949568.000000 
195264450702271608601811077245698048.000000 -168488953276753946682613189914394624.000000 29236230641194740559914132505100288.000000 
50570268615371792815675215127248896.000000 -44462708166390869430242989223968768.000000 7715176369750073848161241279758336.000000 
9716946889694531482674780685991936.000000 -8737265256276879121561390633975808.000000 1516091691698173035774620152627200.000000 
1349318983724215840264395975294976.000000 -1244887980737151112034046584029184.000000 216013165370551346853520382885888.000000 
128056169322257838715651150053376.000000 -121172194331511800998438031589376.000000 21025818915004897959602917736448.000000 
7840416691015697199200697581568.000000 -7569303058619518132471560404992.000000 1313426700748772163060341145600.000000 
241235250051657472223775555584.000000 -235797864590191959807992266752.000000 40915683905617706876273688576.000000 
3177095520568247552219021312.000000 -3123433142674722768711319552.000000 541978628127597085883105280.000000 
11679717119705249455538176.000000 -11503264906649757198319616.000000 1996048401969472816021504.000000 
7993172464063551111168.000000 -7875174644926023467008.000000 1366501588270664384512.000000 
574392025562069056.000000 -565934128379302848.000000 98200982220141776.000000 
2080523153470.393311 -2049891587091.574707 355697522384.231934 
149544.498552 -147342.759028 25566.939568 
0.000000 0.000000 0.000000 

56497669848220660802734212090167296.000000 -12889049183347669470767826492981248.000000 -36184826599182934714048761481396224.000000 
78209834249536680220616636973973504.000000 -17893445920678583704071364868571136.000000 -50234212678630224147578652467396608.000000 
106802962354166680466603065472974848.000000 -24456431774886855634607299813703680.000000 -68659195136935665837823827707428864.000000 
145570490521756897376006312755724288.000000 -33356939253613806713028097209270272.000000 -93646555739032168217399407985819648.000000 
198134169768061580722622548353744896.000000 -45447682835870705549389330751946752.000000 -127590212385512456020869399986569216.000000 
269122486270550691743622331755397120.000000 -61820060063797046819068241357307904.000000 -173554163843959172508743021600178176.000000 
364438290163931007328139555752640512.000000 -83882492805544515923834432439451648.000000 -235492425678485048412100923588870144.000000 
491367525617217161953416947045498880.000000 -113399264612966754153689525006630912.000000 -318358062578927013084704280540086272.000000 
658499255042863584934863242126163968.000000 -152485606990144953965252511671517184.000000 -428089393509199482861506724850827264.000000 
875362032661435409650790100881113088.000000 -203529377909006978612102060446842880.000000 -571390111304095752552919192137891840.000000 
1151779628848926640219263290511982592.000000 -269032051861893065762026455918706688.000000 -755282876786769851988563062425649152.000000 
1497130480634077638948362445672939520.000000 -351416373759698714527981952185663488.000000 -986569324681997684110110581539733504.000000 
1919725604672010624651377652266958848.000000 -452875552021200886729208762533412864.000000 -1271406687009022239839595122753798144.000000 
2426055476430167443941525608969797632.000000 -575224453258113835796367462855868416.000000 -1614890035771323622840490230265413632.000000 
3018925328969512050422173291297898496.000000 -719488164455654923684192855647059968.000000 -2019897208913461491233054117182046208.000000 
3693562369962736333736117723212021760.000000 -884937030174200783682841088836501504.000000 -2484379765531508461206123361001799680.000000 
4431921844800468277585116823558291456.000000 -1067587813491099723472745030926467072.000000 -2997155132318517633306462134946758656.000000 
5197034771383305229905494537268101120.000000 -1258649443848049360069680389613944832.000000 -3533543182816111013090620060850978816.000000 
5931753692212323146859401111475847168.000000 -1444075905487146307656228461661388800.000000 -4054111012596715077809169426573950976.000000 
6566350879071113328264240898668232704.000000 -1606447989564699283837977988155047936.000000 -4509955786196077818431299382543384576.000000 
7031839861202397524947851264747634688.000000 -1728410509425298507785075054570635264.000000 -4852354404587334345606951619203694592.000000 
7270806921736853447923805481615753216.000000 -1795458430561664813641647480855592960.000000 -5040585310191263960970288002983002112.000000 
7243414017293327740402601758604394496.000000 -1797406571016636793877674721674264576.000000 -5046054536318907935533769544618213376.000000 
6931403630884893673972483433336668160.000000 -1729328687505226852063457794659975168.000000 -4854932105559441856519129059515432960.000000 
6339390928833080842735034279881867264.000000 -1591582422433979478155832493783121920.000000 -4468222066255078757306913713696014336.000000 
5498523835670454179173446380064604160.000000 -1390485442570210117794661289779265536.000000 -3903660689967439676149454823095271424.000000 
4482369956396593744609894457751371776.000000 -1142779600832710448307838361630932992.000000 -3208249197360496700130782723828613120.000000 
3405696007564418684309733345532575744.000000 -876161574268400700811122610372870144.000000 -2459743475781727059653103072776814592.000000 
2391069469205984408118901966102331392.000000 -621326354561714805248149524840448000.000000 -1744316906662521321255185338580598784.000000 
1534346945147907040740461792446119936.000000 -403170499480017325441635570392498176.000000 -1131864298604631373430522786330181632.000000 
883258433943028730573490032348233728.000000 -234909855985488602514064238052376576.000000 -659487933078566904324505877620981760.000000 
446234221491192905358025844007632896.000000 -120235398220292516661178745455902720.000000 -337549882368823990338991718297239552.000000 
192177387142382100325110436295868416.000000 -52513189909108753800995219454296064.000000 -147425977199780553826104031120982016.000000 
67751564747976261113701673881042944.000000 -18792785823214938325614005887959040.000000 -52759027190863438304305512764669952.000000 
18548499492817199643142072720949248.000000 -5226718812003149945232082218254336.000000 -14673534967914465412557871517794304.000000 
3673717549623042159305892367958016.000000 -1052286632900018806529625830719488.000000 -2954198467433854827329050791378944.000000 
481540366404535500305218492432384.000000 -140333948501927135543306066329600.000000 -393974723836223706915477093613568.000000 
37425479613040597184927758286848.000000 -11117602345093924281771540611072.000000 -31211651638015315417446043615232.000000 
1508314606095742555941402312704.000000 -458207350937947395077582094336.000000 -1286375224759149711889688166400.000000 
26863367645603472934604636160.000000 -8376400794245373282316451840.000000 -23515979026336783207191543808.000000 
173358030941087426540470272.000000 -55534884804482601895067648.000000 -155909109219014614892675072.000000 
306425506807610205011968.000000 -100387701111139673833472.000000 -281829288237204437467136.000000 
94847251465768370176.000000 -31520751842000551936.000000 -88491627540087128064.000000 
2835867779818395.500000 -948958976053116.750000 -2664115522391206.500000 
3490657122.654768 -1170693144.846269 -3286613918.879617 
30543.196046 -10248.325957 -28771.237693 
2.194844 -0.736476 -2.067589 
0.000008 -0.000003 -0.000007 
0.000000 -0.000000 -0.000000 
0.000000 0.000000 0.000000 

94739298794059610462325409482539008.000000 1945071445662100936715116356829184.000000 -64382536386480761552760864960937984.000000 
130982245472592928034462121857122304.000000 2696861221966654844362764939427840.000000 -89267037537252708496653039716794368.000000 
178868440663621635830676718507524096.000000 3686014608926505580317113059377152.000000 -122008356150397586644035515581464576.000000 
243794024117935192908119885784023040.000000 5027468968500053672608164529307648.000000 -166410958588812513223503221591375872.000000 
331824442136479433312452154436354048.000000 6849740965855225098437448857288704.000000 -226728790839878161330681049516081152.000000 
450711232995406412009811048660992000.000000 9317321155097621881658306375712768.000000 -308406547034781603386868594791940096.000000 
610340539898988139662699919008858112.000000 12642486305541195080525303620042752.000000 -418470661526276741610291346960023552.000000 
822916083693427200172398260013498368.000000 17091168348407696221143734778068992.000000 -565723573050685805913837358878294016.000000 
1102827565913488399471085884715040768.000000 22982257998947268146597894650068992.000000 -760720674379669200245367986704089088.000000 
1466047406536983144561684145883840512.000000 30675914416022736517620460268027904.000000 -1015383358016376448898750536235352064.000000 
1929064587251003320626884966849970176.000000 40549867805196602559620209952423936.000000 -1342214624176118518763535186786254848.000000 
2507671302196740981764274807357046784.000000 52971012056672543515826159433547776.000000 -1753358787294587687251513253509988352.000000 
3215976391127864372553697074247368704.000000 68273909247751843032826947542450176.000000 -2259889967637869775769878468415717376.000000 
4065264773420159286574653451756634112.000000 86741131261225822522934759912374272.000000 -2871161392084173774734075091872645120.000000 
5061147428805128276527462237777952768.000000 108547657284173279711353032228732928.000000 -3592964932137300675149407257645547520.000000 
6197591337032640150166084882423349248.000000 133628518292801171273616498832179200.000000 -4423150090679169805882657954093596672.000000 
7448234834692244097651695401809477632.000000 161473353706282937423912365553876992.000000 -5344823756282652021228752140217876480.000000 
8757607510406243313079065686786965504.000000 190909006628859060051514753074331648.000000 -6319154030666213255783337513615097856.000000 
10038166187369836671686963789209534464.000000 220012111760550931828339179767463936.000000 -7282476858359529273023614383544074240.000000 
11179535073115641675601183838084005888.000000 246309698918957071629815585657847808.000000 -8152936072533220590712682672853876736.000000 
12066691104522216844402499153609883648.000000 267198649363177655553870808490180608.000000 -8844367544137916909955641854742495232.000000 
12596636617380278877250979088241262592.000000 280331575141295010499764835827318784.000000 -9279071921530477213084662748325871616.000000 
12689641181013453476695671436616925184.000000 283867640267695905315711802511720448.000000 -9396116898039279323219781000605204480.000000 
12298821272455995245098468196707467264.000000 276683835995997701068756243317784576.000000 -9158330496440799544784822095902146560.000000 
11417105304961593483056714215770292224.000000 258498675995200484268421353993928704.000000 -8556395421995882225091068106375168000.000000 
10081621045383500707913596452164599808.000000 229930259681499733623616857241026560.000000 -7610770978779150558266434589504307200.000000 
8397099476585830794033788430409793536.000000 193076664338812617099366809026428928.000000 -6390904249248551228389124711873773568.000000 
6544558026024213996636580640901300224.000000 151835306554284162999273330051121152.000000 -5025801068019937463321119842382118912.000000 
4733236964490129490841921787254538240.000000 110898489211905131437877610839801856.000000 -3670778280568920819802171840537821184.000000 
3156227829186557831570373225616506880.000000 74777796339814266957319744817987584.000000 -2475170875849309740037164996304568320.000000 
1903868392825648696004000088969969664.000000 45653630980227172733020215615422464.000000 -1511150947341633101442517963663998976.000000 
1018415877094471358435025407658950656.000000 24737939909424310289764455504936960.000000 -818834351764870926213692210272010240.000000 
471565249148518788075776813660372992.000000 11614305057816821452110822484475904.000000 -384437507247474547240234486289399808.000000 
182331897488047363281394219343675392.000000 4557270637348063621657773878542336.000000 -150847231491913871809626983215661056.000000 
56390926512036193504893664185286656.000000 1431680111442583787144766398922752.000000 -47389105975681396186280287593824256.000000 
13077575261100008868705506902933504.000000 337461421992386950264508406300672.000000 -11170089576356253123627397687541760.000000 
2100516499070968404216804343283712.000000 55140937675588253848907890556928.000000 -1825184074446570942652936299216896.000000 
212593131870573684987789664321536.000000 5688104125105528800112183083008.000000 -188278210356452673761526375514112.000000 
12082029128857154261742384054272.000000 330554357903059231359778160640.000000 -10941463370338651986222183874560.000000 
337849490391452513488850649088.000000 9486042514115831967642550272.000000 -313991282269260508286278434816.000000 
3932357543514033418254942208.000000 113406466015348933907185664.000000 -3753793178640809093549260800.000000 
15147308169421186232483840.000000 446669381161345504772096.000000 -14784910728848901595463680.000000 
12747094585071615606784.000000 381254716219474051072.000000 -12619662734888515141632.000000 
1427584179926183168.000000 42991267839303080.000000 -1423025808197339136.000000 
9875126120941.419922 298053159545.200195 -9865662483669.019531 
300927961.767188 9086875.335308 -300778710.838427 
21624.783187 653.010645 -21614.877794 
0.078328 0.002365 -0.078292 
0.000000 0.000000 -0.000000 
0.000000 0.000000 0.000000 

54227010553832201632174490150502400.000000 5458516414899820526704932880908288.000000 36178751241987606768198188881936384.000000 
77023324083661967276882644386709504.000000 7812422844649465495243046694944768.000000 51780315604122186890337073781276672.000000 
107032490508729391546682192829612032.000000 10887444224324907600426228208631808.000000 72161390808988625414865310590173184.000000 
146163697870565616790624457470246912.000000 14880826116514458005290111316525056.000000 98629309765395261342278547150995456.000000 
199219449430684034786161065329688576.000000 20296560113654753008299458791735296.000000 134524501458962819767374066504171520.000000 
271156461775564359871242828792201216.000000 27653521057217751922011753313992704.000000 183286040244052061140718954240540672.000000 
368309059275110323830655614904696832.000000 37615812157630736980924280147542016.000000 249315566240947455990653741732724736.000000 
498754692747790128194765440528941056.000000 51040373082187980117054308478877696.000000 338292829164755714442144979414417408.000000 
672460578694817637156004876139888640.000000 69000422815847899606049519019491328.000000 457331066337435136113911699358089216.000000 
901168465919448678256672548654678016.000000 92781931017211945868865114860421120.000000 614953615026285939958277470376951808.000000 
1197882860045509519627097836150063104.000000 123834569991898122839701526528655360.000000 820768824779217040965865201154916352.000000 
1575957544559373806815179616490094592.000000 163671686826989524167838858244784128.000000 1084807078147960686354809965812645888.000000 
2048015590039136271089862430643191808.000000 213746146300921317669982489687359488.000000 1416697884217399571455087917758676992.000000 
2624961196007664537533109144110759936.000000 275343478866013450612708325864767488.000000 1824961669219382063459237945092866048.000000 
3314650204714498937959515205253726208.000000 349457455495369636522030448552968192.000000 2316185093355071518150534359261642752.000000 
4118665816301807190984438952392392704.000000 436461690495951592679365136558850048.000000 2892844452021354105578910909439410176.000000 
5025668981630793841985154894725644288.000000 535366986786206506598003151262973952.000000 3548383400522595490140593979048067072.000000 
6001713772550823991323804398570700800.000000 642685154255516828035078688765640704.000000 4259682403676623242875660784705208320.000000 
6981540538265536764179534589793927168.000000 751365194757697336900616919376199680.000000 4980007827552757898672899600681009152.000000 
7870403142834561796771265250546679808.000000 850935611534095273464692292544626688.000000 5639955158622643861375237689329057792.000000 
8563875278667807962959853546387800064.000000 929756338243727900626394467977396224.000000 6162374667439465058499197819563278336.000000 
8974004683568969326251835785274720256.000000 978034596430837206273498283428020224.000000 6482360348636677724625325108479655936.000000 
9043293376121303848359085739794759680.000000 989393836269769016392805535849644032.000000 6557648775233501859246037934972862464.000000 
8746940772288469194335256018358894592.000000 961049248174077194813032167018332160.000000 6369782380076850990490492084806483968.000000 
8090269656750159073958989053428760576.000000 893416200685757188423131651257663488.000000 5921514203372586084640771071664979968.000000 
7104594644300868231765843127532781568.000000 789393357317140169727034001826250752.000000 5232056429929851094498502360451514368.000000 
5862678838510208249925578052106977280.000000 656104000396354452827587900507947008.000000 4348621789323369737228381719659282432.000000 
4497365658723776169797931300995203072.000000 507429994776158046276074658464792576.000000 3363218530151953330596351697999626240.000000 
3175440464039663162362729575267434496.000000 361556698243386344975650268540567552.000000 2396378219165238039235724223958745088.000000 
2040634505268423110577918835796475904.000000 234720288053664680721963397794496512.000000 1555713360092013120990772706079145984.000000 
1173650125649274035971838420166115328.000000 136522694252449207044931208794341376.000000 904865025368974540299202237535617024.000000 
590425785132971586931676695758897152.000000 69530646922999682590081547499470848.000000 460845363010205971868105448401928192.000000 
251800935945944746835479701342912512.000000 30053458720885727513327678928191488.000000 199192697132197427769416533827125248.000000 
87227680241303569787224920258772992.000000 10562981755369973582222311500546048.000000 70010871133048939913192092970516480.000000 
23204989321295050673829179629240320.000000 2853708340835566571951380525744128.000000 18914224366616646755985112040472576.000000 
4406609670842762078386351830466560.000000 550709349901007969041127177191424.000000 3650071752522326947252284535341056.000000 
543851989660827581288863930253312.000000 69109633794139203896848597123072.000000 458054910788229065449083569700864.000000 
38664164541841864789729032011776.000000 5000256271131174508328397045760.000000 33141427821970439191790230700032.000000 
1355506438799607885539653451776.000000 178729795601049279805716955136.000000 1184611407768446536534005383168.000000 
19254082359748682086063538176.000000 2596701038781802030204715008.000000 17210793884481107504274604032.000000 
87170728433504056198037504.000000 12070336544118318752071680.000000 80001537055878442312007680.000000 
93401622597402502365184.000000 13292774561586587107328.000000 88103790045722128154624.000000 
15671148074653360128.000000 2281707293457544704.000000 15123032396073555968.000000 
226768247065770.843750 33503070377438.890625 222056536409703.281250 
121838432.670814 18126504.960410 120141493.402722 
0.817934 0.121964 0.808370 
0.000000 0.000000 0.000000 
0.000000 0.000000 0.000000 
0.000000 0.000000 0.000000 
0.000000 0.000000 0.000000 

