4484050916612498464603194870785376256.000000 2520826246404093571589385083062059008.000000 1675181470808326814674035695836725248.000000 
6305483479957052264529227933733093376.000000 3571056846682625006623684381395386368.000000 2373098213055892287242347801061883904.000000 
8679599976953131178359481899713298432.000000 4929442333701831958517525270281322496.000000 3275795176527898596476413125620400128.000000 
11851622741511541602789357726348607488.000000 6737205949810114343273790244657299456.000000 4477120383937933489043945416095170560.000000 
16149735195595921564425681714683052032.000000 9187518419216746182597691914630201344.000000 6105442864432524617501730806805037056.000000 
21973045557159947244000802862058700800.000000 12514129484414814184280391298771320832.000000 8316097892701554484114574193696178176.000000 
29828765571627384172041718192251338752.000000 17014612494932693891330415140867670016.000000 11306833870503134411065428903441989632.000000 
40359657965909183571094043188206239744.000000 23070703263395921171380081884238184448.000000 15331328242272979765947914692776165376.000000 
54352448288643074436400407380706197504.000000 31156614988029421061378075808688504832.000000 20704713066006881603629194909392568320.000000 
72725452364233256684498656911719137280.000000 41834920605288315314113548680408596480.000000 27800838685603819016342479514504265728.000000 
96488700232621533214790777149732159488.000000 55734152286596221594002599092577894400.000000 37037387775098939251282036657804541952.000000 
126682931983937809496228932147570802688.000000 73510647316278120480641235897831915520.000000 48850520525568458279443872883991904256.000000 
164320539748034598028670349878333800448.000000 95811036890339205226097521154576089088.000000 63669947076511259803428918677307654144.000000 
210342140415565849733074081361036312576.000000 123249942933546958855010877848307105792.000000 81904106233018270083720306065905025024.000000 
265547522453818929195962980265891987456.000000 156380688436905529138475441306650804224.000000 103920701411072250056108415183585542144.000000 
330422092046166093179130486934705537024.000000 195602183566467265642906703834445250560.000000 129984823042686257429026530067761594368.000000 
404830204800506063023464503865344262144.000000 240970307417452163308051353003836309504.000000 160133604835528705820332491199364464640.000000 
487650788736545218562037407838829019136.000000 291955050254348989009998824462518059008.000000 194014835886709046100098093617187389440.000000 
576491761395321607964648916213674541056.000000 347231082960072345176666171942325190656.000000 230747786402640632677235907827897204736.000000 
667619837263751509083966838946337390592.000000 404598749446270123456241716870879641600.000000 268870704258750767036528293806316978176.000000 
756157649350576949140849146303898189824.000000 461088950070804926619150132129738784768.000000 306410513876115591554675226254109573120.000000 
836491088144215840824071118276136009728.000000 513221037790732364596935098820263411712.000000 341054197671280951827625387202088796160.000000 
902826299293050821516601957275519680512.000000 557373032972123641286942361460190216192.000000 370394817371901516309230478098889179136.000000 
949623884676982384416347615389330440192.000000 590077588547434291426410554565435850752.000000 392128193715840660658283545543072284672.000000 
971422321701513655776093463207800209408.000000 607883185684155895964914702851841720320.000000 403960665883513021950440495837895196672.000000 
962848987644345607692697991259910832128.000000 607208219525855482324588429012560248832.000000 403512126122623253176522770650467663872.000000 
919537348332977215977099079702399680512.000000 584811358179712309731315519059918848000.000000 388628590541842280491086065445764071424.000000 
840380284727531875625441567175178452992.000000 539369237841371754732837422234792361984.000000 358430635369953749736427305346644574208.000000 
727233384445774536977527752206776795136.000000 471070668944875950807822056651921293312.000000 313043732063411990033324206503623655424.000000 
559633727397867097805645609002015391744.000000 364281766707521263880506158743342284800.000000 242078590943050176585398626419770130432.000000 
428052189146306167428404204731950432256.000000 281864201436681161356796699122765660160.000000 187309096850471127140635220369479827456.000000 
301114097343832391619132089240502927360.000000 200684006598923861076568243473286692864.000000 133361880780815384857337132299386355712.000000 
195667603080751207416585914260587020288.000000 132085998142133044898285108620959940608.000000 87775988907033369811627999767562289152.000000 
115854970961165213803454364287603048448.000000 79275064002678144164864439938701066240.000000 52681186775116784613770371424384450560.000000 
61378721261147640307443790395660566528.000000 42601466865699580079315014608029220864.000000 28310236782275564998964353694200496128.000000 
28389287736210433975921265945673203712.000000 20000616429478706523570568038574981120.000000 13291142971555863027991274287276228608.000000 
11094290730011226004453871694934704128.000000 7940193025128668603538806870219161600.000000 5276549404906837935811056236520013824.000000 
3404037667920596324627323574091251712.000000 2474863733287740770108477325283688448.000000 1644637695554426380979918149859147776.000000 
814999461796827527093307280115892224.000000 604002771594553913361882946337767424.000000 401381988439466126509393337531760640.000000 
145026819238830611943793797271388160.000000 109945907653167046351769769280012288.000000 73063086975755189052506971530330112.000000 
17422791054660306648211581120282624.000000 13545257592055003630157072271671296.000000 9001320328167900330265215743557632.000000 
1357485069824416224745701077155840.000000 1082695180910344754630805474508800.000000 719490646442490744636953371607040.000000 
68470320573878741023422475665408.000000 55788947844390465795029695725568.000000 37073801432418812417059344875520.000000 
1513644306660001078140590882816.000000 1249763132564441336020260093952.000000 830513426126758991396325031936.000000 
15161661759969560825404850176.000000 12597978913918811668561788928.000000 8371818913078625797700321280.000000 
42841119866185727327862784.000000 35666732667621352342028288.000000 23701851634678494906023936.000000 
26911327144544324026368.000000 22412692314907169783808.000000 14894055839992261902336.000000 
1933856898323445760.000000 1610644596693848064.000000 1070332391329191936.000000 
7004682992461.903320 5833977212175.432617 3876891769472.505859 
503484.810480 419336.468309 278664.458825 

