775361818215871568366599589463064576.000000 346521175236598099109100540051587072.000000 396126952085530380520780950549823488.000000 
944978196413302680232018496490307584.000000 425203922284784216770022198279667712.000000 486073422885283057647310628831887360.000000 
1136986839438182870606389461200666624.000000 513920285082004855886151502111178752.000000 587489858319516471925555706428653568.000000 
1355152875661933861268985486600306688.000000 614040757246726793769437482872471552.000000 701942943193467416019279113481093120.000000 
1606515967341563391142052367618277376.000000 728743130074619753755946341392973824.000000 833065381279012770296248805596594176.000000 
1899502313066897346705009724939567104.000000 861950365465137249026218929900486656.000000 985341720856117437764938504758886400.000000 
2244207721610528705272068998627852288.000000 1018453515687904582341164535000334336.000000 1164248870894493366586386998439706624.000000 
2651012426512794361307719011041017856.000000 1203084959122984488780489112277745664.000000 1375310982458537354670816850444550144.000000 
3131501846586686572676998330077675520.000000 1421168011357826194260954994557583360.000000 1624613423281419306591136562030837760.000000 
3698994582896974281872191776905756672.000000 1678753661737544105953123635264749568.000000 1919073404020598247945793315893411840.000000 
4369203150146404703498961415338721280.000000 1982982760015722932394226776155357184.000000 2266854013255747955941878688508805120.000000 
5160657886165292162752854218128752640.000000 2342280046115549021353297867238801408.000000 2677586023321651815728842793551921152.000000 
6095202643652359488478161047455268864.000000 2766581655340736523896572543164743680.000000 3162627963724281360779177455326855168.000000 
7198572701435759524495705452071354368.000000 3267601251171023095855011636334034944.000000 3735370351821821227204225564703457280.000000 
8501066104863493588627774991331491840.000000 3859140369197135014868456217669271552.000000 4411590463631882844892259106995306496.000000 
10038319803016773172126182062287749120.000000 4557449077551384969080865274470596608.000000 5209864624125197882751193172479574016.000000 
11852202241830473863723483261627793408.000000 5381643117432391128101229350403178496.000000 6152045062946014134830612632379064320.000000 
13991831599921907736551113831789625344.000000 6354183627965466789458897163662655488.000000 7263808313645293283866444505272025088.000000 
16514723104730371621362216991241273344.000000 7501424962964509205121328948776534016.000000 8575281452420759282511243179492114432.000000 
19488064309684457455067527850368172032.000000 8854232267596969557030003740992602112.000000 10121748083146010175790513005285867520.000000 
22990105333926965202648632108548882432.000000 10448665456402715149196340368909533184.000000 11944430229350759059314585172619296768.000000 
27111626048636689339001739355151663104.000000 12326721506063683897537013032849244160.000000 14091336888922244309371725717908226048.000000 
31957414662632596055966108370883051520.000000 14537115344725931468119010124580782080.000000 16618156710597129952968206014044176384.000000 
37647655371327118488041718321617305600.000000 17136058233681708936972698240168230912.000000 19589147803835454669067505367410278400.000000 
44319063531563637177778918931900137472.000000 20187966775912997872779670319811002368.000000 23077948244537035625384042833209458688.000000 
52125520912350492498465156554131767296.000000 23765998698835225440869292187039301632.000000 27168188557049463198826671009783873536.000000 
61237863113338195387172557701244780544.000000 27952258309556489110398735991816847360.000000 31953726581101016482573188512798998528.000000 
71842375430501816794795428783704768512.000000 32837451579097643918797702953481273344.000000 37538253180062217211814834864429989888.000000 
84137458833721696648758039776952582144.000000 38519702149688359976537558387691356160.000000 44033938755344895036299038223610413056.000000 
98327895639950920113247792420465147904.000000 45102190769104571318041708155535097856.000000 51558734757109196921632172204426788864.000000 
114616304149524926321452560958470750208.000000 52689310271997977585817410542524956672.000000 60231978237071946519639669056022249472.000000 
133191813484270859973791729465679675392.000000 61381187714039415224663540047275884544.000000 70168129806066158603069438235733131264.000000 
154216753820048857218237056775499022336.000000 71266786829589220152171484532533362688.000000 81468888683235555398453439902485839872.000000 
177813239416269838350934621697796472832.000000 82416451881127911240294512864526336000.000000 94214669170171027225480140963360800768.000000 
204052516542420898127729947115364810752.000000 94875511924701031904804823235525869568.000000 108457289343502330784207614310665420800.000000 
232949982644307228379385377149247553536.000000 108660879706718654294706251382237691904.000000 124216083071303227544026896799916621824.000000 
264467328980825484427918581951105073152.000000 123761990171838682841142218335167971328.000000 141478972871819845784178466495903301632.000000 
298520062748875347849089145269324349440.000000 140145642473460692432842339789188366336.000000 160208005075521042262167715673804898304.000000 
334984096498224537986012763599583313920.000000 157761357974992036732522189658286718976.000000 180345474843892329252879173735258521600.000000 
373691217878639335367680376274400837632.000000 176541108715035426118163626427359952896.000000 201813615763419064598390854769677697024.000000 
414405019664224786037481944017946017792.000000 196388113351738668774196694008132009984.000000 224501791888288338566082130857219325952.000000 
456780392096155645065110224353223507968.000000 217155790971004286950627723317824454656.000000 248242438709070927869274483463961968640.000000 
500321993698451074960540794770428002304.000000 238624511412066744362304757992972615680.000000 272784485202154041973191894530139357184.000000 
544356788839370041675610246102980231168.000000 260484102016028357082804808681430974464.000000 297773356355186564559174853304023777280.000000 
588026823576936158285135134552504664064.000000 282326688917555056191018435985358716928.000000 322742789663432196052148255071706021888.000000 
630300356295544387695651916002822717440.000000 303650857159715611470656945962635755520.000000 347119590780301010377713324133424562176.000000 
670001456924613991818904524194637152256.000000 323876631592688607388577903614338531328.000000 370240758986638248739555608298751262720.000000 
705858073517907024896734426896644702208.000000 342368697214381773288923640687010775040.000000 391380031608247499795839562697037316096.000000 
736566958042531420945142275255599890432.000000 358466749154205233229689589868336775168.000000 409782578711127381081044009739578507264.000000 
760869068945371507232047699497349808128.000000 371522911322665645589103411324201730048.000000 424707778367960399958413549261627064320.000000 
777625414410664554052137957491608649728.000000 380943072452461417075917493120412942336.000000 435476470105060574457213987067346812928.000000 
785896103941473400910354070198103834624.000000 386231603762613616733689312711039516672.000000 441522074064094343734366933019722252288.000000 
785014708166124958938266880300499861504.000000 387028038847761984979866709223874232320.000000 442432521752027003152223974698751361024.000000 
774630368451624768558302883087049031680.000000 383126004063999648954190426434518908928.000000 437971896381100876171573334098667634688.000000 
754745880010403055553085886688946814976.000000 374493407045748032289250444968649031680.000000 428103511445929807359619232575757746176.000000 
725782910955693089059938456024494637056.000000 361307087971274804521997644543123521536.000000 413029522444732639658557663097043025920.000000 
688639796006784470899139971493589417984.000000 343987271987024363172159382626634825728.000000 393230311294537153943620087653290999808.000000 
644608405736404668866961428628962803712.000000 323157740992598264177118390118948798464.000000 369418956561137603645347701282060632064.000000 
594851487535588587942381190941188816896.000000 299350148089553758338840538866794889216.000000 342203219437029777387032099431217364992.000000 
541077627034458842582487851099993669632.000000 273423706424927627693357522796649906176.000000 312565312581786643335203639478836002816.000000 
485522292564668585879193081759238455296.000000 246517224483780494818925676250729021440.000000 281807069090855506920848568976058351616.000000 
427959487790017704172601534728156217344.000000 218372554739444175701637176609019527168.000000 249633386672557209426229133936414425088.000000 
369685144216590250859745360371773341696.000000 189613210901084951747479962632620867584.000000 216757037309807449457654844622326726656.000000 
312545549091463797442752508201856401408.000000 161180019109532458941537719895218716672.000000 184253529855289684361315109983496437760.000000 
259103387637386530928013128080860119040.000000 134437103387180757474451352164971315200.000000 153682267687134228107390329192571731968.000000 
209920915903526269690900767762825609216.000000 109620490038461977576869214815130746880.000000 125313065140707029717260121718705356800.000000 
165805476929729935283597361022974820352.000000 87158235806791094138792947841706754048.000000 99635256851828957722255511481583927296.000000 
127154029904739673699281832040634253312.000000 67293770063377394758763024098776842240.000000 76927119998797646888647208188719923200.000000 
94210168860156853042905536887030546432.000000 50202794905331431261783921651554975744.000000 57389509078184544788968047051192401920.000000 
67057406178011291539394517243650899968.000000 35984745847398319595376019341842579456.000000 41136094163277657375861259806183522304.000000 
45537502633459566762267398997572321280.000000 24610899006750574529667129281743945728.000000 28134039442098872962154915805538549760.000000 
29437379796812272446809147078244040704.000000 16031892804722796956151922772817215488.000000 18326917044999257604296789808597958656.000000 
18001799191941010013214453095070695424.000000 9883994763048057421557835914369040384.000000 11298924855724233803719833878037266432.000000 
10343643767006177485618382258762153984.000000 5727720305533634436317010243138617344.000000 6547664469509765958723750261296201728.000000 
5563682224687875953181162731487625216.000000 3108757300635561304048369882523238400.000000 3553787307322809702668045891795943424.000000 
2767156644487817812181969808629170176.000000 1560481895428164702644841913815924736.000000 1783870600688542757937007901196419072.000000 
1271899718484254804705430268960309248.000000 724392902650384760343119005476716544.000000 828092402847709796554024113546461184.000000 
529555893923310186326994901052424192.000000 304672217721595974977701036391661568.000000 348287162851709762233919515782021120.000000 
199243606975393797095075418910752768.000000 115882920433124080020737503510134784.000000 132471985409263489007317709085474816.000000 
66418928260089794237843947625906176.000000 39072972789366454488997311480332288.000000 44666412115809678406150794686496768.000000 
19293919365560781775152152907350016.000000 11487182254359781969941117532110848.000000 13131614514938709629628587322638336.000000 
4789867160315617321379135758532608.000000 2887923684253796506155350788931584.000000 3301340549009683592745283739451392.000000 
993156066104959673051312772087808.000000 606686693874031066155100604989440.000000 693536118683303256179915899273216.000000 
167300464277634923684420344872960.000000 103567095128108722331799158521856.000000 118393104552523508418909430611968.000000 
21995301270051325788789623750656.000000 13793150996151374574362311000064.000000 15767691137577184904394389323776.000000 
2204217118836389423181065093120.000000 1399205781896255437906496192512.000000 1599507220141956506905800081408.000000 
158348719498773140473427001344.000000 101587367301968119104920354816.000000 116129971428862121335620370432.000000 
7484373739225413248276758528.000000 4842272283249879557685116928.000000 5535461316100919909481971712.000000 
225241318526343968567853056.000000 146672219573749741422379008.000000 167668885619180358407815168.000000 
3832908702324283016216576.000000 2507217846150649926909952.000000 2866135274220926718181376.000000 
33484496836380074180608.000000 21968505613665173504000.000000 25113377745741692272640.000000 
156232183657631875072.000000 102691731736815960064.000000 117392429682009964544.000000 
637676441547416576.000000 419569313288722368.000000 479632198950613760.000000 
2678784564470282.000000 1763270232982516.500000 2015688832342204.000000 
3947732977256.902344 2598996371824.393555 2971052232375.707031 
1897468319.984869 1249279392.578713 1428118318.447865 
244911.417025 161250.808161 184334.452619 
6.765939 4.454743 5.092456 
0.000031 0.000020 0.000023 
0.000000 0.000000 0.000000 

1666511699109642496415303746499641344.000000 -704749983999708089407388040717926400.000000 -851720153517302351367952537168642048.000000 
2031255811750170278013319165983588352.000000 -866124841514484688784330670385135616.000000 -1045683354864099363421761362995445760.000000 
2444191505981002910481966360248188928.000000 -1047826879890771555972160263125204992.000000 -1264301828708168144343519433693593600.000000 
2913167619162261449417007294719197184.000000 -1252477332881292827176059072308838400.000000 -1510794716653892910841264848754442240.000000 
3453507038825638489658185318712475648.000000 -1486686125479407667246757024767148032.000000 -1793096376305136786519147429761122304.000000 
4083323016147283433200692852697333760.000000 -1758517217145591416318771832509431808.000000 -2120881844181534272598710030694350848.000000 
4824317864668045588126987489996963840.000000 -2077828624061787205043892477103177728.000000 -2505970655951696188857004531258490880.000000 
5698805800278989328032041776223092736.000000 -2454517626836963917114532022942957568.000000 -2960267466885227877019242323242909696.000000 
6731692166937478524603634546387189760.000000 -2899462832127973433687293999806676992.000000 -3496877519836035800653810287679373312.000000 
7951608499998709332745439168820150272.000000 -3425014963680881510529806530500362240.000000 -4130692071349822128783036385488535552.000000 
9392332944267493230850913631280824320.000000 -4045751424223042106807129576975630336.000000 -4879285401018244651715943771613954048.000000 
11093701727046926651944191303950008320.000000 -4778873852701173333335935684194598912.000000 -5763392942610739108015018076448751616.000000 
13102675022768828966233643509153267712.000000 -5644674841402174257928833021159407616.000000 -6807472135700415119381686711511678976.000000 
15474579676783166666189040586175021056.000000 -6667084932844815351651556603295956992.000000 -8040358912958216963198854773860204544.000000 
18274552928391862180997244688831348736.000000 -7874312158683598110519479602889359360.000000 -9496033901977262000084746078200528896.000000 
21579211633424832015174228855624826880.000000 -9299587536458897314041500297972416512.000000 -11214513744786047091288109149862232064.000000 
25478572138389467471601011696775200768.000000 -10982030477104787195501618537307308032.000000 -13242883246524815876101371829145305088.000000 
30078240675234680331400628821339144192.000000 -12967649010502596730408165436737716224.000000 -15636484330755217639547657780694351872.000000 
35501881834363247515988190907745697792.000000 -15310489834585675501194828780813680640.000000 -18460276817613550687522170980855185408.000000 
41893962940266165371929242185934831616.000000 -18073947543014946042598535244472647680.000000 -21790377429501130882517065465407209472.000000 
49422746696862136057265010872814665728.000000 -21332236566385804362439306860325502976.000000 -25715772740998867276127410133068152832.000000 
58283450827355581827836000290641805312.000000 -25172023932489367239373777481758670848.000000 -30340191773698175809624823052900499456.000000 
68701434496563045632089054212201119744.000000 -29694197458953293251090570760301838336.000000 -35784095490858652967393267479138533376.000000 
80935192544893053721172110407064616960.000000 -35015703243779057855693098013016719360.000000 -42186689013164502891269932340907868160.000000 
95278811677542066004634654728096055296.000000 -41271347748541954028311407171601432576.000000 -49707804330981794152441038458234863616.000000 
112063358621652304990420634966415114240.000000 -48615404741615065051611924519823867904.000000 -58529418077343370608534282230793502720.000000 
131656455182616143037146003330243231744.000000 -57222778453816309505092974062700855296.000000 -68856445546601009075577172969970991104.000000 
154459090701461567660169828339770458112.000000 -67289327981113354589173156653874282496.000000 -80916291170414101636134566823486029824.000000 
180898521658223096964557135385364267008.000000 -79030715451796061321090674572088311808.000000 -94956429604738560133951539697732812800.000000 
211416042563339105499588038796532252672.000000 -92678916439485880027939470920906702848.000000 -111239126546873870776913167667003654144.000000 
246448759521116399845084923622288523264.000000 -108475483870718213834810855034959429632.000000 -130032442867163647282539543129963364352.000000 
286405453888447817325753817522170232832.000000 -126660725652750268425940972213974859776.000000 -151596965180792298452111849739467620352.000000 
331638273697743890180260708338032967680.000000 -147458204694275138447288435455792513024.000000 -176168417363871792499752255799443849216.000000 
382414324849144744692296915571183714304.000000 -171054864160707460703587302360710381568.000000 -203937747024552254852049554818816016384.000000 
438893377858819502561404867350187999232.000000 -197579189577003116382583565059004301312.000000 -235032358480724447600884466584356126720.000000 
501117985322575187171833201024743505920.000000 -227082757241389291362411592874685628416.000000 -269503795357090577800738212335576940544.000000 
569019208762940115333194639897087967232.000000 -259531991229859159930847311019814944768.000000 -307326732459557528558301623903989006336.000000 
642434389152701835822824582990893416448.000000 -294814328407592362902206541662613667840.000000 -348410173969570105311009929566900715520.000000 
721123825887649452396713896960180879360.000000 -332757216378763504045196583573135556608.000000 -392614693527929404513047859989399470080.000000 
804765255492369321801463874860770918400.000000 -373152079821868165863976932859782889472.000000 -439762682117096624374904515464945205248.000000 
892908838895552264169198732333673349120.000000 -415766731931366040589829935292900966400.000000 -489626798167989783293450912139472535552.000000 
984899428841632906750881772492946407424.000000 -460326005083369769824706382378842456064.000000 -541890983615515672648926573205896822784.000000 
1079799118061038499546585300530995658752.000000 -506460580312555391899977397857868054528.000000 -596096948985616626498668122711347167232.000000 
1176342311960126697655038650928634789888.000000 -553652328121276360732628357594046529536.000000 -651600198368113462082369913771641536512.000000 
1272932066502281262357471708512427966464.000000 -601204275255082332651350186298162806784.000000 -707551987344432185009027121649226350592.000000 
1367663886691584800753718709708082118656.000000 -648241841840087091466811579846107332608.000000 -762907048937086503646576093669758074880.000000 
1458370667533292790273231034924014764032.000000 -693738378949152464323825320684389662720.000000 -816450768680472445296703808479864815616.000000 
1542689323991295821261522011630841364480.000000 -736551442403880252435365115102247256064.000000 -866836784453485557034163673824185286656.000000 
1618148935359196205003240961964991578112.000000 -775463885766847204957957614080442236928.000000 -912632273716102246668925724529342283776.000000 
1682271846734228536414171644842240638976.000000 -809232116414552604658957907428567416832.000000 -952373617617427495556631834812309569536.000000 
1732670297763849636636438568028642213888.000000 -836638005419071680507470311999317999616.000000 -984627213493331854720343176499869777920.000000 
1767152932751387157099264210534272073728.000000 -856548372868438368255274247041333592064.000000 -1008059438056766383493630107627930255360.000000 
1783861896735824367890873746790358712320.000000 -867979443642453682710632633238894411776.000000 -1021512500540851127895892326269897932800.000000 
1781397477778682686100315877754177323008.000000 -870156449727921272691299336153638895616.000000 -1024074587634441602344553140196114169856.000000 
1758920293684581245600423612813810860032.000000 -862568684785326267821521396280349163520.000000 -1015144656405311197030371971726258995200.000000 
1716211120050905224420071193236616511488.000000 -844999122940730536333832944223407570944.000000 -994467292229537671565533580193049870336.000000 
1653736368700936466299858655708188770304.000000 -817556646410312381402912434506904371200.000000 -962170637018462915545386721912547180544.000000 
1572544597339233898414785207065093603328.000000 -780627079599817187479310779052233588736.000000 -918708761955878783933042503233107394560.000000 
1462874438028728786148282539187917291520.000000 -728358127472323629957477485376790593536.000000 -857194185338324446570871833199986606080.000000 
1346382069686816419861331286240111099904.000000 -672942559355836701570837464357741264896.000000 -791976401702790402216633510982854901760.000000 
1233844617314953950025255146343339393024.000000 -619989586062152349837184955984545579008.000000 -729656810430781065832545072178213683200.000000 
1110864170095768027882622032207360819200.000000 -561145030806177286040663116162264989696.000000 -660403501238925571230505970599605567488.000000 
973634274939909436314099712705414823936.000000 -494082107872698841359687028380010545152.000000 -581478113545556161895738557709800177664.000000 
836489034888017193977040633201202036736.000000 -426528829092607079119125977954007384064.000000 -501975633121825342991155167478306308096.000000 
712464428163610753081928567118406615040.000000 -365579999469514833616389679684566122496.000000 -430245833747717115182324101336746950656.000000 
593237515424520792199474105085010640896.000000 -306388271609327006075940578374893699072.000000 -360583942120360167355095850845240033280.000000 
483340150727103411934652287002964131840.000000 -251314569860015000894396806571214503936.000000 -295768496086415532499347647589993414656.000000 
384218892998724949519547700889354502144.000000 -201162039473289571054037390421793964032.000000 -236744705720132906545298730183880081408.000000 
296891797945892212284578012632646156288.000000 -156546187770938656734443433903228190720.000000 -184236952719703301522774118390854320128.000000 
221936057965204663057766013331786694656.000000 -117874143419308865869985668951409950720.000000 -138724380946249193407497633886623498240.000000 
158123997018681812790584164585564012544.000000 -84537698463604564624626995876790796288.000000 -99491199221415931892528738829925875712.000000 
108752463448888143037525074918458261504.000000 -58592367175588523075988671088954441728.000000 -68956512673816584664774987450285031424.000000 
71185141453627836735984652864815366144.000000 -38662021057706770567873251478142451712.000000 -45500775503261486901345977407532695552.000000 
43778411400891397837067608286503632896.000000 -23965481885108223341259520215860903936.000000 -28204630312890033247001167242488446976.000000 
25694808763027199483028467033254658048.000000 -14194218543873554202470809304972656640.000000 -16704971280343356159063426703634202624.000000 
13771393977855885978881283856380461056.000000 -7668938620005272721272913957992005632.000000 -9025463360446717791238028722951946240.000000 
7105490116496365110256283817116434432.000000 -3996888878014398303095205836848365568.000000 -4703880929519176642707686038515482624.000000 
3301865155751869556656596130623127552.000000 -1874902983099693742701059950738669568.000000 -2206546305406066484879345547804147712.000000 
1440372546380000816037752915628130304.000000 -826799165195577766527372855716347904.000000 -973048024201748739669431083906105344.000000 
567637550581374423112309491051266048.000000 -329516690418118905707691328128679936.000000 -387803444959942865663787440264970240.000000 
200432073871394217625796069006770176.000000 -117736846292257805105240931467001856.000000 -138562797935731609301483280656236544.000000 
62526732003964482343870031428845568.000000 -37188036552561073786246177700708352.000000 -43766064377740779591014526065049600.000000 
16951041888688002003002727654752256.000000 -10212374569048019639073584619454464.000000 -12018796480605723244421569616805888.000000 
3914554004913419919299794993938432.000000 -2389329742994401027606805666070528.000000 -2811967746771026405633063481507840.000000 
728124270150597084243292497903616.000000 -449903782066293545070569881337856.000000 -529485278467771008059949082214400.000000 
113722038406793574026695342555136.000000 -71113091506770918610311533559808.000000 -83691972728556542588677806620672.000000 
13655763338853451155088380788736.000000 -8626999873070499261341329522688.000000 -10152991844511948478142499258368.000000 
1133900427379288698785521205248.000000 -722086712046913625762526396416.000000 -849813446888739972922371735552.000000 
71957702422125478510568931328.000000 -46113164436844745362780454912.000000 -54269918782934612505580797952.000000 
2895989456093959664181444608.000000 -1863889696549294157105987584.000000 -2193584927154917549692420096.000000 
70968541086112210650923008.000000 -45804328087723843939991552.000000 -53906453733665130588143616.000000 
1000363011134658896199680.000000 -646732148322363527659520.000000 -761129746622286982545408.000000 
7681779042818598109184.000000 -4970687281093357338624.000000 -5849930238679596400640.000000 
29946967437533085696.000000 -19386049264464134144.000000 -22815162046520033280.000000 
44132937187267256.000000 -28574333508215480.000000 -33628721379361668.000000 
21212389658357.644531 -13735042647799.808594 -16164573784501.746094 
2737941052.826495 -1772851405.568594 -2086443274.266916 
75638.535638 -48977.107841 -57640.452509 
0.342985 -0.222088 -0.261372 
0.000000 -0.000000 -0.000000 

534974968110199580839340396534300672.000000 292382380243007867693486427621818368.000000 215354733465003796375209140503445504.000000 
651901303023106936597287583396921344.000000 358714393773763083072427753222438912.000000 264211689490329902452772908784680960.000000 
784243627023021755889118349646364672.000000 433493386269925752236037382290276352.000000 319290282066285135906671359921487872.000000 
934732825223613468966212550348767232.000000 517949727249104819933536170054516736.000000 381496741928483021185392499906052096.000000 
1108120868766936508957170405050679296.000000 614706474949193590804829435435417600.000000 452763087029631290659517112524996608.000000 
1310219882978452507000913270176481280.000000 727072718354881372985160538567737344.000000 535526632421742469475669616820748288.000000 
1547993613307667711372108403950223360.000000 859089788917296891626339293751934976.000000 632764027575889728923630491322548224.000000 
1828601890341950204287704741705678848.000000 1014833819209568527771808180964687872.000000 747477554788033622228678716294168576.000000 
2160035711424567155809875903194857472.000000 1198794981838524080038010389488730112.000000 882974458236675645961319398330335232.000000 
2551481381542843834086589410486255616.000000 1416077150407102582875763737081413632.000000 1043014004600219889648702410568237056.000000 
3013776187291536008806191308075958272.000000 1672703369110965309445461412633640960.000000 1232032477201643283073423119155724288.000000 
3559700676880730485785334065620058112.000000 1975779454175033541970432717819478016.000000 1455263676921483378290659391508054016.000000 
4204320403682826750529682318513143808.000000 2333685804920917271627309698546401280.000000 1718880200961856365756660002058141696.000000 
4965384312589866809164233642724032512.000000 2756301759259171447608139950185250816.000000 2030158692261262425480904900385701888.000000 
5863787473144660165568188813601144832.000000 3255267187830816397247696105119940608.000000 2397672517099098821626947754237362176.000000 
6924105961150655815439485096941322240.000000 3844286454874285015326221843285671936.000000 2831515647982946300482779048008744960.000000 
8175211875562693841812307002680934400.000000 4539479914153282302768537754321027072.000000 3343561558564873229141515197141221376.000000 
9650974749771362611227120999547797504.000000 5359788045696298142514980316248014848.000000 3947760891236002378072811340214304768.000000 
11391051619246772594408634818532212736.000000 6327432818065401284719963904912916480.000000 4660481274280823260265481655090675712.000000 
13441764819665812419315886479951003648.000000 7468437597017166307189615006161305600.000000 5500890261475010536194965273279725568.000000 
15857058332436717705899548807807369216.000000 8813202645806834924561068940815499264.000000 6491379217801505499044082704214654976.000000 
18699506148882984649626474931797622784.000000 10397129223308478357425085359409070080.000000 7658022999969563349835939461791219712.000000 
22041327007451934533178434843763015680.000000 12261275401989372094476533278217076736.000000 9031063000245804626168939320214290432.000000 
25965334302664085961239684536604819456.000000 14453008584812494922142392887350919168.000000 10645387758875186095216046424824217600.000000 
30565708874132974982665403292161409024.000000 17026597821891049062951201662014849024.000000 12540969235908165058735492461961936896.000000 
35948422764918342546963361561189548032.000000 20043657616331749456727415073710014464.000000 14763189697140262307042545213596762112.000000 
42231072240946570889300324796078227456.000000 23573309689952845899018399016953053184.000000 17362960862923582552602312788691386368.000000 
49541811569301127220341502135419011072.000000 27691875658283302444740357705093349376.000000 20396497547421018745667075733838626816.000000 
58017012820754938081470880036595695616.000000 32481855045786918189722181632146800640.000000 23924564914002263751739437803200577536.000000 
67797253522408761086067210629270208512.000000 38029901088265388640802593011446841344.000000 28010987549102526667861324179099877376.000000 
79021342387565944158259496010748264448.000000 44423530625241590631289876902779551744.000000 32720226127929023050475820981803810816.000000 
91818395925074011062693878858849976320.000000 51746437415224264493374824737293729792.000000 38113925428943906051147743115104747520.000000 
106298502697537727209046995881085108224.000000 60072581218449310481707860082873597952.000000 44246560637825329629349030248784592896.000000 
122543254419651008983180719852816957440.000000 69459768833325947631737059121066672128.000000 51160709449075697217388309400497684480.000000 
140598103114163221216122686604107055104.000000 79944078639266165045088825984757530624.000000 58882945453674239434028889121335803904.000000 
160468516465956663493181131464380514304.000000 91536739046559840869154853273336807424.000000 67421538956087364312357579404288720896.000000 
182120877665124295405168471461213503488.000000 104224559020879110268828836567179067392.000000 76766774077815727896154847023170846720.000000 
205486815088027532474536566742170206208.000000 117973468331437486577779412440857968640.000000 86893556333124344408333973845035712512.000000 
230466366796401657301567368743647969280.000000 132732146358232625130501843192981225472.000000 97764085433115356639904487902898290688.000000 
256922533541477423316934837857203257344.000000 148430265356396462807092315836521644032.000000 109326561359133033082830843979172413440.000000 
284661060885912618104055904410900889600.000000 164966628541531792891322392560736927744.000000 121506447449585978400652431698872500224.000000 
313397810512989831224684108886543695872.000000 182188288348530046610679831726431141888.000000 134191089918392050851128401622258941952.000000 
342724873293603060418249438903666737152.000000 199867471243294098563679735847038484480.000000 147212721786278845815165986307708026880.000000 
372086431400079504029301545027361570816.000000 217683363238034148061344663044903403520.000000 160335046971468597656119415308311068672.000000 
400771854907286723769006398810196279296.000000 235214691660021739575858013168507813888.000000 173247776378988601164755265331216252928.000000 
427930570419852184149492039242416652288.000000 251947925261382387736648551989602418688.000000 185572667705318498880922945865281175552.000000 
452610962102430840711219904551392903168.000000 267302111428783558793471368890484260864.000000 196881819326919219104208271749094047744.000000 
473820211960870399815659379348897529856.000000 280665919096140416848424103809560608768.000000 206724954319832394928769095111026933760.000000 
490599034711248882655727073087260196864.000000 291442737192329437349490278177391509504.000000 214662637797121970065340777790605099008.000000 
502101842064404669864857782414559150080.000000 299100693779831674193681992083780403200.000000 220303118589492177386204172626218188800.000000 
507670947648899897960814686356849557504.000000 303222359801767950697334005184445022208.000000 223338938623682245244278953437441294336.000000 
506891182422437610846831913375075663872.000000 303542752690491638065025603350470590464.000000 223574924544235378935296981673176989696.000000 
499605138865621882103950801214168367104.000000 299955222933775213707981889967153479680.000000 220932523473714861730654959502264107008.000000 
485903924288043283514592836916124581888.000000 292500637339929641186384051028774354944.000000 215441835928451888275714002521144950784.000000 
466150148007794614516770515990251307008.000000 281383015759199642660852007232746815488.000000 207253133071963098014920097853228449792.000000 
441016623067090035187583353565868982272.000000 266995120920943324557853764376143593472.000000 196655704952526003160125776022252552192.000000 
411427638411864387666827910873790545920.000000 249882024350042332510007329620282572800.000000 184051024917688716490457231322991558656.000000 
378375299408399773929178567585631830016.000000 230621127294165620139419344156992995328.000000 169864378826642726647980994349330595840.000000 
342762903162624465782087231534379565056.000000 209726068431565401300011899886323630080.000000 154474088110933747440310161193106931712.000000 
305457622268247611726230827237296308224.000000 187692605623764548499032282253385269248.000000 138245304056500267756206467699122896896.000000 
267386678374746474917166918507744460800.000000 165056601267442696455376974699957321728.000000 121572717012038872724488361069978320896.000000 
229482370908390664132919149276266758144.000000 142364239131814141484128028033781071872.000000 104858619550529820765123125540372348928.000000 
192682399924788380594867459047785758720.000000 120177969509766006309933988177202118656.000000 88517285380297586363406071353619513344.000000 
157949313259922726574168269579523981312.000000 99081941658313100589159526902966255616.000000 72978970618156338406215145511503003648.000000 
126234903137616257717832713483610750976.000000 79670214960370637533101303312005726208.000000 58681230700804122482190832248398282752.000000 
98131243232227271996361408446904401920.000000 62325318478465355820905363437869072384.000000 45905818052017736807306469049108529152.000000 
73889849319022120947634657019073396736.000000 47233295901503473438009323625170075648.000000 34789763463474626040882521706711744512.000000 
53610995252668085093337317428688846848.000000 34496908782863833984616816272566386688.000000 25408756129988639864370672535812964352.000000 
37267127359401627710712660037382176768.000000 24142927291025770930006444753456988160.000000 17782513664135747892842238363282964480.000000 
24674019565885543361534533991867088896.000000 16097700925067694204502810896508125184.000000 11856788665705527298750565935285796864.000000 
15468848473040414788386407061802450944.000000 10167690846890810222632092963442786304.000000 7489029778288406044834161876954775552.000000 
9128176756463665109068903383440556032.000000 6047916457362460535122299633258201088.000000 4454603029127131390413546682069286912.000000 
5036387567544941594690811196661039104.000000 3365217211441335613231953325336821760.000000 2478656391741045923148001489155260416.000000 
2578164445649248939188551159839195136.000000 1738092251004778272500256103594983424.000000 1280194768035014417703876354409234432.000000 
1213372486061298056424289818053181440.000000 825663042420280238941331276202770432.000000 608143501275760766155153135860973568.000000 
519352324126865430983780601836863488.000000 356851488124560278259033129407741952.000000 262839563204125315690490076988440576.000000 
199611579745990190613720245693579264.000000 138548451277568749032053067669831680.000000 102048094594726985653233012816478208.000000 
67863373753733432970707442954403840.000000 47601970252873181271157978502791168.000000 35061311176468177156270849603403776.000000 
20061589639090733418105967569010688.000000 14227876779696019864592102709002240.000000 10479566549522365256551717148819456.000000 
5051180094670582842244340035616768.000000 3623975224745483593859570711134208.000000 2669245041237415379413968407756800.000000 
1057778730757433533594221970194432.000000 768182659623215007380829368221696.000000 565806228740937996877799580762112.000000 
179168745072216775769738815995904.000000 131788646857633142963328012779520.000000 97069149290564439283008163282944.000000 
23754653627619037667512838782976.000000 17706974412494985903764563558400.000000 13042101756970331742786356772864.000000 
2371439141827732384758928244736.000000 1791885824267547893392230842368.000000 1319816514812317969552355885056.000000 
170202338045016421448997142528.000000 130340502584243662359281795072.000000 96002516192648401503777718272.000000 
8307357711589037221066309632.000000 6441880377200763648199360512.000000 4744777816270908370219696128.000000 
257166757807332789548220416.000000 201606149357287158866509824.000000 148493348072682347059740672.000000 
4642248185341524834254848.000000 3671543271915473292230656.000000 2704281366310183434715136.000000 
44274275952790893232128.000000 35249191012128790675456.000000 25962850870031328215040.000000 
196420145546265034752.000000 157104440860212232192.000000 115715539901890379776.000000 
349612799141734720.000000 280475250353583872.000000 206584516937117120.000000 
223970340424873.500000 180010824866132.687500 132587275531588.953125 
187861198676.054321 151160361426.800629 111337418207.234070 
876096467.397482 705219401.384900 519430535.086858 
1291106.034235 1039467.820221 765621.769626 
620.566997 499.648919 368.017251 
0.080098 0.064492 0.047502 
0.000002 0.000002 0.000001 
0.000000 0.000000 0.000000 
0.000000 0.000000 0.000000 

685971873507147644607264516783210496.000000 315993287370095305311035196138586112.000000 341986358825207100231024224176701440.000000 
836103854846728301132004837812076544.000000 387777271103722023784907946822991872.000000 419675171215322379498169886098587648.000000 
1006069634028250380371889830915735552.000000 468721835876670454009902985985916928.000000 507278098491970918046896112688693248.000000 
1199109833680969068272582513443995648.000000 560034352534593334727208029512531968.000000 606101827777191867822740192660291584.000000 
1421523985921761279949766588639477760.000000 664646013490462305959117059728080896.000000 719318666396467685733604302220427264.000000 
1680767992971217776599940722052825088.000000 786134729209438646320632271309111296.000000 850800837656715947678814821909790720.000000 
1985775124169694148402714448679141376.000000 928870150251007893605259047960838144.000000 1005277432155439796777042122475831296.000000 
2345730390810092321301552478868733952.000000 1097259651700195463030378255270019072.000000 1187518368171126378067819748608966656.000000 
2770885299220505325737695593055125504.000000 1296158407127353869720556585510502400.000000 1402778197610897098563391021650018304.000000 
3273025084854260823861951202605400064.000000 1531085320047726530724113697596243968.000000 1657029799625428277595604668228042752.000000 
3866053411687737226296539117223149568.000000 1808553377460822681421095823720054784.000000 1957321908469727594917617973074067456.000000 
4566367548651209294775416609187037184.000000 2136246651255504530276738702883422208.000000 2311970674743364290287452189251076096.000000 
5393297096116852370515034185618423808.000000 2523227846428889917910713947977154560.000000 2730784286173570920262696571221573632.000000 
6369615511448232503881419896175722496.000000 2980181101460882649011633690073104384.000000 3225325740336455968609035644794044416.000000 
7522134371487103061663251602635489280.000000 3519695142226808010945759745260126208.000000 3809219290329869828408834365279174656.000000 
8882390457415664251537035416947392512.000000 4156592370344045366694227221801861120.000000 4498506603368828869725440627907231744.000000 
10487436016075299683891415367251132416.000000 4908309525050314510997915228597911552.000000 5312058735263803926710267942455476224.000000 
12380740379450689211016980614409617408.000000 5795335510748102239524890219542216704.000000 6272049972915756682170782335276941312.000000 
14613206058304861598846177053388046336.000000 6841711448315745926805940403045400576.000000 7404499018999315724182111042859433984.000000 
17244298424165910353590141534404083712.000000 8075594520833162556041446859349164032.000000 8739879218680808588751725190245777408.000000 
20343277625667587641111808797382279168.000000 9529882620363938002000926713550209024.000000 10313794588784420140142544092374499328.000000 
23990499309386221420740942093963231232.000000 11242892519422157282628392006476365824.000000 12167713774492729692438044742963429376.000000 
28278726440438787651758343804969549824.000000 13259073723917344925044496178337546240.000000 14349742622623197188956289306533560320.000000 
33314362088322227240465050227961757696.000000 15629720718794857836465341620646051840.000000 16915395015386022891164730662454296576.000000 
39218460832791893881883789052283453440.000000 18413622907168900776218233974741270528.000000 19928296272407051364523721951981600768.000000 
46127300669845783223532340020263256064.000000 21677557931588530838840951050581573632.000000 23460717051763687415278922893763805184.000000 
54192208751646538891473569956017209344.000000 25496485674256568260721890737166221312.000000 27593783308332557161455034771236192256.000000 
63578249996039511162765406131657375744.000000 29953243073670597290437729176608833536.000000 32417146006565443290723720886642278400.000000 
74461304543904558422112295803416477696.000000 35137477617548045067781689785993658368.000000 38027826884352632778141102769671503872.000000 
87023032551895175944436303567060467712.000000 41143513350285183894458858954070949888.000000 44527908921877714944614916479111921664.000000 
101443367298059187891154333039241199616.000000 48066870893525659319864854218555785216.000000 52020770104984986521081644816969760768.000000 
117890570222464250873430850173715611648.000000 55999309303101963820811451860657373184.000000 60605717433688738800775372356238442496.000000 
136509559565400060779986870329902366720.000000 65022588494276019819103450711273242624.000000 70371236255101886561763884883379224576.000000 
157410184665131776352082949549336821760.000000 75201743435502103492348355228383313920.000000 81387711203794009496634696247300587520.000000 
180658002370893864110430972567504289792.000000 86579354933756994323892522404454334464.000000 93701225711647585451490826972267806720.000000 
206270149796652600535782429451173756928.000000 99172593428818593363129875698106236928.000000 107330362629671618181988495028316536832.000000 
234217636919305533832604686679548100608.000000 112974283734675696552652631036741550080.000000 122267356553232815123926238511304278016.000000 
264432593596544345266988590603610095616.000000 127957636610837251910914027351189749760.000000 138483214604388973751256707093904752640.000000 
296815054081641080611302588197904580608.000000 144081653897963639140737174017469841408.000000 155933566184803464613132422957410287616.000000 
331230564383702674516428914464695255040.000000 161291776374156239968691583653418893312.000000 174559364123591936873997181459464454144.000000 
367491447751805876604239153673162194944.000000 179511105952536687914384462184313782272.000000 194277384827776031201994769504902578176.000000 
405324455674923971392087514486541385728.000000 198623179198224876349542083928306745344.000000 214961584778006152462318661924085039104.000000 
444338343817918252129154224518940590080.000000 218453185671569926326802677660628549632.000000 236422773924587290495919867045798215680.000000 
484004670178036520063574000724512604160.000000 238754895191971347483440788481693974528.000000 258394467610211388003239699222940876800.000000 
523655633133377668884401688140016779264.000000 259206593918070177827321010765342703616.000000 280528488359003270615377263174904446976.000000 
562493646510989408973342159176516763648.000000 279414836638231698326343542323799916544.000000 302399026824049545436056632549271666688.000000 
599610302296031430306641724565910192128.000000 298924162846512552518712600452711579648.000000 323513157091281794565924432455535689728.000000 
634014958463189967377293040342680993792.000000 317230641913165302410155793250795913216.000000 343325496052716808833876561362549735424.000000 
664672812902246842954814773295539290112.000000 333798924615041766834311176966532759552.000000 361256657566806894809101366951166345216.000000 
690548804186056829914859389685650685952.000000 348083714505740265351247409334051667968.000000 376716490027049685534242782120366833664.000000 
710650037067327307416842089212640493568.000000 359553499142003994863480299518225809408.000000 389129759678790952829499100127922487296.000000 
724072636341314892286367521896746975232.000000 367717920212651213682275379564651741184.000000 397965772168500020814377675967709577216.000000 
730060409424700876886835216830097784832.000000 372156898399432397226939383780284039168.000000 402769893166247201009184955736996708352.000000 
728055922792631352004697662844701769728.000000 372546199550796702522620366095875309568.000000 403191217569526518857712884158417600512.000000 
717741355019795745979534732160187498496.000000 368680401351341495018031019683878010880.000000 399007425371952702138673764791597662208.000000 
699066117213172291586804835013881757696.000000 360487259616960632405715040018850906112.000000 390140329705461487641134236304928669696.000000 
672280374635400633101038915371321524224.000000 348045707822935490240562271478460973056.000000 376675356979029738971359421223667761152.000000 
637896461501029297683039381614309146624.000000 331567486640598960931875290136296030208.000000 358841665292207221361308168368993337344.000000 
592855216811148080815445769331949961216.000000 309100977954119799427255639895066017792.000000 334527099735613581876043515644820324352.000000 
544791988435426576882806178363390033920.000000 285133426076874784268501746488784715776.000000 308588017723237009410637854773910437888.000000 
497854569902482291597430491820941377536.000000 261926874901726082328394914832347824128.000000 283472535038996189392649845000514830336.000000 
447122469384910039904683577968663986176.000000 236467634520499841150515161514417061888.000000 255919060758278759226496869984930627584.000000 
391316489855104372872547985968777396224.000000 207918383062577947972842036035321856000.000000 225021396334651627918873277392503177216.000000 
335480184331439409019601718994721046528.000000 179112080238433541433582233915922317312.000000 193845535935733227723740887986466717696.000000 
284702680664466436360905617625409650688.000000 152949774586802159493983313539975086080.000000 165531163428843417838941763666448482304.000000 
236388138331358088566307108482986278912.000000 127824960816546850476829324730028785664.000000 138339625124462935943227777496492539904.000000 
192020406581870909796136987839516639232.000000 104536759516987292124454330736809345024.000000 113135775915169370411768262344835072000.000000 
152129110921940574184522326688980271104.000000 83396356101458308877726082196429602816.000000 90256398798195498270899194825776562176.000000 
117084410123429178494514249840768057344.000000 64642373797855773873485502805509668864.000000 69959745743126883276228925587187564544.000000 
87100169253160648810055045961685663744.000000 48437483169757933402222656412312403968.000000 52421868317986442045850071114828480512.000000 
61766597367470379338568664402997805056.000000 34578587616542983710655379805877305344.000000 37422963540519407544018997850794885120.000000 
42182415937236752284725098218870800384.000000 23796487260132611135742822865923211264.000000 25753945910223639532976620936559067136.000000 
27414219213744594469300410998270722048.000000 15590303696946187954703564327150944256.000000 16872735616226167424138608191310135296.000000 
16746893204028621309195114240408551424.000000 9600201014549222282939224441904693248.000000 10389897254717630960393177404052340736.000000 
9735047331505735588289841671920680960.000000 5631296834252167886044818293601075200.000000 6094517753328932869562323293450534912.000000 
5184463430246016382879991649483620352.000000 3023727502571759550276135303847608320.000000 3272454194487472857128757551448457216.000000 
2638617120646878180463525770500767744.000000 1554320069653436844725748742163005440.000000 1682175800295264811715036394005987328.000000 
1213002448112295879978725180648194048.000000 721361617315293310693199531017764864.000000 780699599523411693371465536416776192.000000 
520713750378815552993040022670147584.000000 313029532871203447299263507327877120.000000 338778810911884896274223151569698816.000000 
201809198105673320396380056896667648.000000 122694239361288516919631001577062400.000000 132786859231131950790227685535645696.000000 
69882862318874611591401636783718400.000000 42994175359665214935935920967254016.000000 46530803246853557037260959018647552.000000 
21308259995896291463072924439674880.000000 13273898280857517068393929043345408.000000 14365786622454208565073352788541440.000000 
5623482393049594548876794142916608.000000 3548718973210643345270717225631744.000000 3840630572385664412524510709809152.000000 
1258023721746366234918021515706368.000000 804351283967959913277103892594688.000000 870515855289069018193561466699776.000000 
225903284319995587034570020618240.000000 146231451671087242352287595626496.000000 158260202673698144463781256757248.000000 
33639794845143688205523337871360.000000 22038484787399114589187923247104.000000 23851333138099483415950311555072.000000 
3832458955769823521418317398016.000000 2536787933037596423503644459008.000000 2745459802489949733742178205696.000000 
299617014990057883310713995264.000000 199929320588563735381159182336.000000 216375167142082657755141767168.000000 
17507223260971611503772827648.000000 11756732043748012796598550528.000000 12723820865903386454772416512.000000 
645275969499500533017214976.000000 435230139046496240157065216.000000 471031431529029332547665920.000000 
14342783419747208823570432.000000 9701670745025220542726144.000000 10499713712988837946327040.000000 
184868009369451358060544.000000 125260888686774628384768.000000 135564636773526901096448.000000 
1350154474276136419328.000000 915650868568454332416.000000 990970754799960981504.000000 
5304868599932627968.000000 3599171157760312320.000000 3895232867999337984.000000 
7817801024290254.000000 5305047749131261.000000 5741431972238022.000000 
3757607178853.192383 2550017730491.688965 2759777860626.485352 
485004618.577908 329143682.597244 356218483.242387 
13398.768790 9092.981841 9840.955093 
0.060757 0.041232 0.044624 
0.000000 0.000000 0.000000 

523828635294964226380669877233909760.000000 -316974784316425199658998245013585920.000000 160134087849080337678508658960367616.000000 
630351839158786067349491204956880896.000000 -383288694484583230776636852651687936.000000 193504592922160740824898284994691072.000000 
751311399826214943299363212617580544.000000 -458037134568979539202299343214215168.000000 231165753545662073865414659346006016.000000 
890671101222142498266779900671164416.000000 -543634278199593597065452266595549184.000000 274328888878610388979276874027892736.000000 
1053104041774617693947262546357518336.000000 -643015937387012605303235581761814528.000000 324466628129035636497420602075774976.000000 
1244209412869452555586718817341931520.000000 -759769052883280255966434776525570048.000000 383376819598994249376040688187080704.000000 
1469743071885696187064786711715250176.000000 -897504512969045167538945996502335488.000000 452875952018101507031352152451710976.000000 
1736128679255021514764300081558454272.000000 -1060196370760624560967128730864451584.000000 534966727150487577073386545087512576.000000 
2050750692398699461189215805421649920.000000 -1252359660618232880461135220934967296.000000 631926657881815427345286611830046720.000000 
2422321052200778425084102801377722368.000000 -1479323006020108398425163438630109184.000000 746443362576097585731337075728318464.000000 
2861114334907229593891881391753265152.000000 -1747373655665540819730591614339383296.000000 881687516396214119907351838880432128.000000 
3379242760729906908983801865962520576.000000 -2063927636540199424161650469964349440.000000 1041398356725258728075866493599875072.000000 
3990976879298458063852109535046008832.000000 -2437728965480731409520459852537659392.000000 1229983645442146971073571075525705728.000000 
4713118194287839720977845829112954880.000000 -2879082224709534131085912997760073728.000000 1452636137273300642635452735763251200.000000 
5565430084955695639941528387820978176.000000 -3400123212390795011442390690879766528.000000 1715468796452718979538049123867426816.000000 
6571133567142918356648434270228971520.000000 -4015132490586099889027948988642361344.000000 2025671001149734117209910981043421184.000000 
7757473113405141201606266663940915200.000000 -4740896778891446523201165611273027584.000000 2391687884970286415442653451447697408.000000 
9156354620762360871082302949950488576.000000 -5597122906108572831192970495709413376.000000 2823424658291704150278533428241498112.000000 
10805055185344886947726791348804648960.000000 -6606906513270571083798214285899857920.000000 3332476169091988909686181065109012480.000000 
12746997930654178088460397568877133824.000000 -7797254646538502946312436165854101504.000000 3932379784449333217576857271822974976.000000 
15032571416179427542145888476765093888.000000 -9199658519338242127693178499021930496.000000 4638887628968012625668960862691393536.000000 
17719957909169578849241354308096622592.000000 -10850704113169867363956104915968851968.000000 5470249852045028666206661991490125824.000000 
20875914530187978457243973840277602304.000000 -12792692818338120534406699728649584640.000000 6447492392900892081054874417995186176.000000 
24576418939507632081043556230175391744.000000 -15074227304901117246824969864329822208.000000 7594662126831120591626170510079950848.000000 
28907044201555381597312861769262170112.000000 -17750693444018938071470477005083901952.000000 8938997053823434117589247476423983104.000000 
33962872268527158089848677755619639296.000000 -20884532527697917631205211158064660480.000000 10510957932924048152432186753024000000.000000 
39847701927781229374861359684622745600.000000 -24545148516734063249740620321498595328.000000 12344035468016952586157064712076918784.000000 
46672252022861470210915098447491104768.000000 -28808228374844250015128913215972442112.000000 14474228513224467030483333210439680000.000000 
54551040238231351785762429140434157568.000000 -33754198415455567748972360856487591936.000000 16939079204665228228422691838368940032.000000 
63597704501718913870354915380894367744.000000 -39465545657990168306471716702841208832.000000 19776169862381633306789906867514507264.000000 
73918774085926901597174895136510836736.000000 -46022813502259508828169863305489285120.000000 23021064595774841173422151689262071808.000000 
85606313770688305211491092436340441088.000000 -53499276610424699121011905239357325312.000000 26704848725462118198274433078605643776.000000 
98730465520573438971252732979681689600.000000 -61954718816385637001804314038413295616.000000 30851693222251030044938376978301452288.000000 
113333489212393575601365885628780118016.000000 -71429391278990975988928936661384953856.000000 35477120196433313360689588681077424128.000000 
129426982625451581677091219030277095424.000000 -81939818096221605976011907956641628160.000000 40587611243479402341134587942261489664.000000 
146993218866634455249201443335508590592.000000 -93478093667057389073446390637350879232.000000 46181803349252207717840486658352349184.000000 
165989798689299165964353719866677526528.000000 -106015158715364082753089046598895271936.000000 52252793911243776909546270663244775424.000000 
186354338001641804683342160629889761280.000000 -119506417018801368574484110757802803200.000000 58789987126538205768162427147353325568.000000 
208003866654486130847330590003432521728.000000 -133895956311652511091837694730238427136.000000 65777981819883562238782261883557642240.000000 
230824392766134494475965585555346948096.000000 -149114676946236717156302811956500234240.000000 73191027321975385846783127806193696768.000000 
254651848400209344640110799493678497792.000000 -165069693259591954259816739808751910912.000000 80984969602203573753928417623496720384.000000 
279252514480402678931392216294580289536.000000 -181628251583683176420624857967148138496.000000 89090534334203109706232149449379938304.000000 
304311632938809810619120778019449339904.000000 -198603995886931288996990628151320117248.000000 97410156105863103189988178245500010496.000000 
329432953921181986935821468374772219904.000000 -215751348004743781292306698417643454464.000000 105818300945923590136119981909028634624.000000 
354145291995896632065710435586692612096.000000 -232767954159349494976654874679516856320.000000 114163825607131766550716654585869500416.000000 
377913786555161099229861333041479155712.000000 -249302801350135747536604182281875095552.000000 122273451712897864137457116517230444544.000000 
400155787006612907684294479166683742208.000000 -264966891972780933076788840999998717952.000000 129956076549475270493202626642440093696.000000 
420261358189071757695400860236235407360.000000 -279345513277744202382549192809685975040.000000 137008236945367810928421767564843024384.000000 
437616369528100758573155788194131738624.000000 -292013021386698448754670784416082558976.000000 143221162740640975035526691245090930688.000000 
451623869851896083052026634014979784704.000000 -302548714860656922269931162580111327232.000000 148388515423528315497687183054715486208.000000 
461727349930451612474960978519160520704.000000 -310554918705121512674703867978742497280.000000 152315250670791869574278899155196706816.000000 
467442624452569652059502472969687400448.000000 -315677320201222329119919994760769568768.000000 154827591712332081139722364359930806272.000000 
468390146541505676423509701812883030016.000000 -317626436057958989419803729250928820224.000000 155783558120924460744239721272322293760.000000 
464324432080590144369200841299096240128.000000 -316199869865449011725227337712136093696.000000 155083882237133489168828230558269046784.000000 
455148680498554916568927630714350862336.000000 -311292773870659609720202086000084647936.000000 152677140268181827243397093500102115328.000000 
440928473119762161719981783389634035712.000000 -302906849637494780272186622305999257600.000000 148564166765760475215687568968938160128.000000 
421887663145021385116769059339314921472.000000 -291150857315658733478516272426974707712.000000 142798304402831450630666474293762719744.000000 
397933443531466218613717012206554447872.000000 -275858976186760009018476382013689430016.000000 135298224490757051551453365590395191296.000000 
370571352384225927211405776619009212416.000000 -258126407262478680313557824310186344448.000000 126601081028979891815134131072450691072.000000 
340840766262747431914329622302366367744.000000 -238657406341327892462999903154353471488.000000 117052284416839597130896454207661932544.000000 
308535631512395944961676564631105044480.000000 -217190403699356292804119045860170399744.000000 106523544758823916738473042858999808000.000000 
274154803837834133772873579832838979584.000000 -194022662682287756503237247420436840448.000000 95160658299951116692935030778896580608.000000 
239195916967873918145608269127586152448.000000 -170231267023339968233767534085076418560.000000 83491893210960568747506528717383925760.000000 
204954362470942859475461889697360379904.000000 -146740150051017321392446112103166640128.000000 71970403275798175114055646817938309120.000000 
171723604693069929782221021217634123776.000000 -123706792294523930453968538771992346624.000000 60673426640881102624673871287965188096.000000 
140562445839858810548311749394090164224.000000 -101898886047884971736924059393209663488.000000 49977486868257685546226379958884761600.000000 
112195343686407416757378645132226592768.000000 -81859051697123313194581321303199842304.000000 40148718400302130511629991729564745728.000000 
87134306166317193323322420496215048192.000000 -63995514813283189661015900910260322304.000000 31387340188441997814786789518478409728.000000 
65617533321522010438998900929936228352.000000 -48523972816207926395921244439286120448.000000 23799143526241349064951014871466508288.000000 
47607228968610036288445817066289627136.000000 -35453659596996250422441911759463776256.000000 17388657282356402314954947819160469504.000000 
33198231678844783386685720325284429824.000000 -24909725597084516164118625935547170816.000000 12217262937841847481783926761023602688.000000 
22072098901371620158987332090637320192.000000 -16691964508793655892699729977493422080.000000 8186766994210667200291178165970141184.000000 
13908093653830342762377765512024162304.000000 -10604012146594778344125423428619468800.000000 5200860366208936197880939800260771840.000000 
8302777284358794748722793885743448064.000000 -6385512614091261525759212087821729792.000000 3131848494083355137830296904999632896.000000 
4634257533319721904450154594568241152.000000 -3595496120801913290111057760683556864.000000 1763452645378344290484082868985266176.000000 
2441569610497517660539796167921238016.000000 -1912579751599063325069396825922863104.000000 938046853378941370888330046439686144.000000 
1186725037040996789820983123222986752.000000 -938754083443059557019400853304377344.000000 460422794570604763294892958353981440.000000 
533420198105835383468022646181986304.000000 -426384186740199397743847565279887360.000000 209125054454737744982284360445067264.000000 
218313537554150084762611572616986624.000000 -176424352465343257596040087565500416.000000 86529363573553761810022160136142848.000000 
80569954875005184605371363590406144.000000 -65863740096149892368048836178870272.000000 32303632879782538382810614878699520.000000 
26471970872268364875215884448169984.000000 -21902474139296334751889854228856832.000000 10742321689018674266635765557493760.000000 
7627945048968876817893345468612608.000000 -6390413101490279392363319182491648.000000 3134251994790099566626493352116224.000000 
1893357718256333187943767253975040.000000 -1606281245930159032035117562331136.000000 787819209696546509727965584031744.000000 
394190981823939375929165910900736.000000 -338519847184201454166192961880064.000000 166030973187897759899712806191104.000000 
67712486804658895279511547412480.000000 -58810514887808408459204509040640.000000 28844297023420961824591465938944.000000 
9170962965120564839206556270592.000000 -8043090903762297012398457880576.000000 3944826932004786335270523895808.000000 
930570038933425644610389016576.000000 -822499699730762746248757772288.000000 403404487887366019970026700800.000000 
68365662754550272803878207488.000000 -60779967338086134649001607168.000000 29810237749457543529418981376.000000 
3333186362018147853467123712.000000 -2975390960864735491746955264.000000 1459314899720010359902306304.000000 
100182849630870251426021376.000000 -89665063239923820394446848.000000 43977267018492633438748672.000000 
1693388025404822090940416.000000 -1518012787831655192592384.000000 744526923817912765513728.000000 
14475993395509787099136.000000 -12988053717097654517760.000000 6370141119947469750272.000000 
55389376789826076672.000000 -49717008056371920896.000000 24384281454252109824.000000 
81627493394992032.000000 -73281066701791264.000000 35941546476372968.000000 
39234057533545.320312 -35224568794788.453125 17276297049550.720703 
5064046932.954904 -4546613206.795668 2229939017.497178 
139899.686304 -125605.544064 61604.691400 
0.634379 -0.569562 0.279348 
0.000000 -0.000000 0.000000 
0.000000 0.000000 0.000000 

182093302517638134951666760865021952.000000 62225407678465154987887044526604288.000000 -106796684402055981294886437418696704.000000 
221856806138002218377098079156305920.000000 76329928941482235890075837426302976.000000 -131004096810698632436667178958192640.000000 
266855918922663501288312806488145920.000000 92228073454977086503792364352438272.000000 -158289882240330763987624493972455424.000000 
318065826539239796790366255049605120.000000 110197564465230986306591015397490688.000000 -189130693604782826101895081725263872.000000 
377067897497417911318421421267353600.000000 130784147039636641416333307842396160.000000 -224463186297740240812768072443101184.000000 
445839869064833017795984806998179840.000000 154691860331220066864366198001238016.000000 -265495693860719311878242122831233024.000000 
526751340981583246942683350773530624.000000 182780533235310730095097105426153472.000000 -313703929810114447097442897361895424.000000 
622238601371470191099705084092612608.000000 215917386416136225482183690086776832.000000 -370576294062291295700067895096639488.000000 
735020720673857957393474517714599936.000000 255057715413191358409383964080865280.000000 -437752348334053931305573719209934848.000000 
868223441921038384747050377517465600.000000 301287363786803711523177369765412864.000000 -517095712268065719100599703833673728.000000 
1025534209822778508420763039857377280.000000 355887705710811637138706514441142272.000000 -610805592239179665332131497989111808.000000 
1211301586201185980449284140447039488.000000 420370439486351266693196442297696256.000000 -721476497024451230911631212182241280.000000 
1430651479751479895634568911391817728.000000 496518377010256760853764667181367296.000000 -852168244254617171984449130763124736.000000 
1689622626203055349698284521049292800.000000 586433149078528008956452328500625408.000000 -1006487836426308222375023512093982720.000000 
1995323930736591168114912566240608256.000000 692590821916424425874245363836125184.000000 -1188684914852989506094719486199332864.000000 
2356116313895729515810569544492122112.000000 817906511281982454992749082439581696.000000 -1403762656037982228096367244966100992.000000 
2781821759764211725833048828242034688.000000 965809087153181506246272266927079424.000000 -1657605986389260234548503283029245952.000000 
3283961669606974489897347425201291264.000000 1140327046009479570516648099909206016.000000 -1957128963735976365653113796485447680.000000 
3876025253220805900798766071582556160.000000 1346186513063154570867993680610852864.000000 -2310442977325240711643967176029765632.000000 
4573767590181110571366286264442552320.000000 1588921636997072368849249089445953536.000000 -2727046216921791381488968572778577920.000000 
5395534161719870895671215988441874432.000000 1874996722454173258655911956533215232.000000 -3218033287263259245942654825746399232.000000 
6362602721000002578049266832912678912.000000 2211938575270230037829305723523170304.000000 -3796322350518262590145215167482298368.000000 
7499526821108804858024078893813596160.000000 2608475416932416050426315583260721152.000000 -4476893543424090626234483380513144832.000000 
8834456562418843786359258585782812672.000000 3074674842500399981521978746650755072.000000 -5277025752731166266910506194137251840.000000 
10399398051507875465669572033150713856.000000 3622068609719117247536890680264622080.000000 -6216510789187453175286870583038443520.000000 
12230352653841351903402390652511584256.000000 4263745318619660044668897272713445376.000000 -7317812452371529548216649754108493824.000000 
14367253199317136644902209354339450880.000000 5014382355569909569008014414940471296.000000 -8606121355864882810916715062328557568.000000 
16853591330242819952787870043235942400.000000 5890176996996942071122581761237712896.000000 -10109236681437328652327574675109445632.000000 
19735607312874301179475607932431761408.000000 6908623989480668426678707596875005952.000000 -11857184442559821673455399638103228416.000000 
23060905211151806572621608184218386432.000000 8088077813844459664835655220418576384.000000 -13881466203769892362422894997614362624.000000 
26876392615431102286228438413664583680.000000 9447042677017483056702800215907762176.000000 -16213840502636888412062841227528110080.000000 
31225546305995009880993287792666607616.000000 11003161261066694210287086587172880384.000000 -18884587252447112967540067089495621632.000000 
36145182520933410432310173022449303552.000000 12771937310778046997633237989204164608.000000 -21920315335339417886585038104759894016.000000 
41662161772943273875769582490130317312.000000 14765342288689965739344848339213484032.000000 -25341571221867295140474746038107766784.000000 
47790687537149777427718590531542974464.000000 16990590677646997159489817645651329024.000000 -29160737038178594821187035736779522048.000000 
54530858990956799309617413678641971200.000000 19449422127744284022793382688985186304.000000 -33380798523846718346145300899027746816.000000 
61868781346273214005096799896149688320.000000 22138116508171394029184069918003298304.000000 -37995370865161078918412928735443419136.000000 
69777749287373746864177713537781596160.000000 25048132238648983129440635154277072896.000000 -42989794255341438028371344451858071552.000000 
78218860211132945843688854960142811136.000000 28166691204466379365372504966235684864.000000 -48342137776858696350163663022119190528.000000 
87138388618567251821942521855370854400.000000 31476087140858014779838004466131402752.000000 -54022012390240758760011558059811799040.000000 
96459735414438013091440866275947970560.000000 34950673392681647253061172339312427008.000000 -59985401063902280734187706563279454208.000000 
106070913146860629521022344708728291328.000000 38551832171778753733662734506092658688.000000 -66166024573839115984315724633569492992.000000 
115811680094443847511767253569807319040.000000 42222519888082821973324667108087300096.000000 -72465979724029314275612424300218286080.000000 
125464431413581819681580639094327738368.000000 45883025725551885764499773857887944704.000000 -78748459843663134346352983401400631296.000000 
134752700195969579740317855649630257152.000000 49429732663173681983941053136072867840.000000 -84835628343080788033715487838646042624.000000 
143350696040248943694612457555834699776.000000 52738713691151065964749422932359380992.000000 -90514790854371101570663144912014278656.000000 
150904410845838776038776394611033112576.000000 55674258155190066383283018822940884992.000000 -95553028888811032700679751948396658688.000000 
157060987437094186184402822122409295872.000000 58100402473742056164577257856406913024.000000 -99716989861812607470236428310077767680.000000 
161501759968531358296587773873020207104.000000 59893555475453561707304846542642348032.000000 -102794555800760214827262297511496253440.000000 
163974165372371804738500524697842614272.000000 60954988752986872530956760755522764800.000000 -104616280382145310372152208782488764416.000000 
164316511355539721936887520178974228480.000000 61221256707442552008674753295241183232.000000 -105073272722723017195213322649117655040.000000 
162465129769607271737931411257225641984.000000 60667405010625016851207336558050934784.000000 -104122704022937168065383991337115713536.000000 
158442943626456317422100289314088812544.000000 59301007934726701457464932343524360192.000000 -101777573910867096938220093936874029056.000000 
152352295250634164127651757448757248000.000000 57158327610247181929436662024613396480.000000 -98100118624911267555502071154137366528.000000 
144386021516893568688453693882568278016.000000 54309373199247367624347353375091720192.000000 -93210494009198284194646602301279567872.000000 
134830347905214436494645682767434612736.000000 50858859893209200851225674856771092480.000000 -87288421429550287414884623207463124992.000000 
124025088945790282025601861782352166912.000000 46930353298176944755464672345963102208.000000 -80545974981164064745289485522529419264.000000 
112308631735793508477644076567469490176.000000 42644916453065298871361623167804112896.000000 -73190933634754069088123617505821327360.000000 
100005121404055032251750237229706903552.000000 38118842397948373374559869523835486208.000000 -65422889672031433947955925384207269888.000000 
87435214844267344914260093658495713280.000000 33468366359657874189722828085198323712.000000 -57441336150566658820147887224689524736.000000 
74918539122156784414588002291874267136.000000 28809558484533225021026878121247244288.000000 -49445482802358068083464330998001434624.000000 
62764097191775352278964397627584544768.000000 24256718023362215663583035340091293696.000000 -41631499993646574689488211871956729856.000000 
51283685618554827429313978089108144128.000000 19927325401528038074847900923825487872.000000 -34201017900611945796475157427079086080.000000 
40795001649982133750597504816212082688.000000 15943627249963692598081768301032112128.000000 -27363846878060204263454266728151777280.000000 
31524490083476164337225056152945950720.000000 12395375035508192487807970229740371968.000000 -21274026239452416381577729428737228800.000000 
23575479779302936014866588718986166272.000000 9327927804279519715738855588793155584.000000 -16009405145023461340445812699030355968.000000 
16972913727975750492263178702921138176.000000 6758601687758813116362989721893208064.000000 -11599703053397248289598378442460495872.000000 
11693502586387108183390949331429228544.000000 4686996403760466386334916920505008128.000000 -8044232965294164442202171665215913984.000000 
7661062517029423418987504157321068544.000000 3091742714155057276040471708415557632.000000 -5306319126137993953402125909003075584.000000 
4742133534974199574020582071179673600.000000 1927625698070595690044434200766971904.000000 -3308359736040479541541280949192359936.000000 
2754475785783322515457969582411612160.000000 1128325032063059539721880619953684480.000000 -1936530058185237863702007461875548160.000000 
1490112912775538743041473245362520064.000000 615435891713349367580715660011896832.000000 -1056264878755547076950365452908888064.000000 
744335763453350992229035633115398144.000000 310105294277124972056659787144757248.000000 -532229815438915819376755602651873280.000000 
339848956190062073475462738693062656.000000 142885922134492893495568514265645056.000000 -245233310652543039096460365799620608.000000 
140143887321787048869914584975147008.000000 59485408353907171923129198364852224.000000 -102094058030546707058575584180305920.000000 
51466934962800337270295782418808832.000000 22062736757917893635885142691020800.000000 -37865997548079312731991241339699200.000000 
16557644404610985897234188048793600.000000 7171146423734486730358827142610944.000000 -12307748393933782473640942594162688.000000 
4577676992712231347184858323484672.000000 2003880829464961837460909140738048.000000 -3439235458762018196893433338003456.000000 
1063333171686881169445592221351936.000000 470686766856276662128514445606912.000000 -807833776709356075212346163724288.000000 
202134856027170152352222732615680.000000 90525251229149024674347850137600.000000 -155367349875669381773637734891520.000000 
30489697102065914677975589060608.000000 13823180678815284764965429313536.000000 -23724551103245541869785041600512.000000 
3519350671826389302536596094976.000000 1616285600791191840724109754368.000000 -2774010643742592617012371914752.000000 
297890909319325233065767206912.000000 138662363150585005975623696384.000000 -237984469500892631740060794880.000000 
17583324042155962304399671296.000000 8298240759456685819655356416.000000 -14242166223471379583990759424.000000 
681822068126747222589046784.000000 326186301441947004036972544.000000 -559829445736606276801003520.000000 
16166714847724616995045376.000000 7833331148125249858437120.000000 -13444247706112608817905664.000000 
215039396103363124789248.000000 105359779628486072729600.000000 -180827664348878022377472.000000 
1446175568984643469312.000000 714970668594808356864.000000 -1227095164168317698048.000000 
4331943635329408512.000000 2156135407780704768.000000 -3700548076160613888.000000 
4977150952010981.000000 2488913952185887.500000 -4271691705564515.500000 
1845606750263.046143 925742815327.363159 -1588840748088.865479 
187274875.947554 94108906.498371 -161517932.331803 
24629.231277 12391.156757 -21266.786460 
124.448964 62.635206 -107.500015 
0.183401 0.092322 -0.158451 
0.000088 0.000044 -0.000076 
0.000000 0.000000 -0.000000 
0.000000 0.000000 -0.000000 
0.000000 0.000000 -0.000000 
0.000000 0.000000 -0.000000 

1280805161043968149524721491364544512.000000 -771260213439360778740125880329175040.000000 -401235365471475379946940260541267968.000000 
1561157516550950779252312744545746944.000000 -946488377324981060886679948997165056.000000 -492394918567066810628885565254139904.000000 
1878553837487760818079209874905890816.000000 -1144082317989591411505241649867390976.000000 -595189896988117033522996948148158464.000000 
2238999802490106197785077283693789184.000000 -1366961343799173689968142839407706112.000000 -711139022611806805461962824467087360.000000 
2654293084587858857634972109465714688.000000 -1622301463955184186767130190065696768.000000 -843975495497468524479530386222743552.000000 
3138355462250758401529698870475358208.000000 -1918835819557129517973967867540930560.000000 -998242587811507757616297160696922112.000000 
3707867285363997880133929236122566656.000000 -2267230072900439224255489041592483840.000000 -1179488933898768183550018421837004800.000000 
4379978994883913714502643022810841088.000000 -2678241987855069413706569521658068992.000000 -1393311082424413674326436989666066432.000000 
5173832452770519743404699190260924416.000000 -3163722364715378456152124383272370176.000000 -1645874216169014767691686992934862848.000000 
6111433387375012482716410314265460736.000000 -3737142107797642722438934855367524352.000000 -1944186350225780239839454185050341376.000000 
7218743179658990480526819732557398016.000000 -4414398584136829854944569700707729408.000000 -2296517826771266948103282809915834368.000000 
8526379438921501382468761087092195328.000000 -5214247681937476095008480480561463296.000000 -2712626086326010133914801499216543744.000000 
10070435256969654687572651622663192576.000000 -6158810439454323158682564581866340352.000000 -3204019233047448770200679299462201344.000000 
11893434417394481344737735114615685120.000000 -7274165733480379231974274925330432000.000000 -3784264371109761315226166150844907520.000000 
14045441125607365021887260582777716736.000000 -8591041484966101604809352853535588352.000000 -4469347192991174749910039639177035776.000000 
16585343104646917146333653038933213184.000000 -10145618012061108054484190140368420864.000000 -5278089910602371699835100842923393024.000000 
19582327408759895027088543165385277440.000000 -11980457306239068460733491719706771456.000000 -6232634695815514580644905625426329600.000000 
23117564258049815352394077154198945792.000000 -14145571897204055594103914667068882944.000000 -7358999739747294470918102288401694720.000000 
27286104749363392012640476978651070464.000000 -16699645675391944868972119108070932480.000000 -8687714365466677993498507351934631936.000000 
32198990841505934610766952828244066304.000000 -19711410537903267199234806083823337472.000000 -10254535205264721798729667564290441216.000000 
37985556487939140465829080623952691200.000000 -23261171596944707955699541390292680704.000000 -12101239665111568145430232942935801856.000000 
44795857599998152401814635002059554816.000000 -27442463254656563305406885086009229312.000000 -14276487470185542139988515601409638400.000000 
52803123240148007909973237150664097792.000000 -32363792683283986292334845158022447104.000000 -16836727681586133675826939008158531584.000000 
62206059952422126812494172918051241984.000000 -38150379824578338952173531593349005312.000000 -19847103902234160376925251278234189824.000000 
73230743735079855208918761326164049920.000000 -44945745936351240382987370844563439616.000000 -23382280691933899581654075708966699008.000000 
86131692794688451850482902946080096256.000000 -52912920751163199218369861981839556608.000000 -27527071571708145569639379572342390784.000000 
101191549057303258315734666818411823104.000000 -62234920308043713751520050118104449024.000000 -32376687607845031514949858455967498240.000000 
118718639249398304438266616002742583296.000000 -73114008161276601362170227043768205312.000000 -38036353067991829269289626592589381632.000000 
139041531605318161689156481113818923008.000000 -85769100885133197260773692694287351808.000000 -44619955677918547531884602826581606400.000000 
162499653374107360487926358934690988032.000000 -100430571654430579753414060429249871872.000000 -52247343270278608053895585010051710976.000000 
189429300954328352162479688035764011008.000000 -117331773619170894169665851889090035712.000000 -61039913960511669663707485309908287488.000000 
220145108421465886951134860344039571456.000000 -136696962514239668746933738335591464960.000000 -71114333084360309993974234983209893888.000000 
254918307290899762392833300952279678976.000000 -158726106393131885252666481929204269056.000000 -82574630713165667936173507094580822016.000000 
293954905042119472569928823143453949952.000000 -183578517522055274608440184207105327104.000000 -95503686417586441489073531501427032064.000000 
337378563415578049443966855538599264256.000000 -211358936033470526739225597859667640320.000000 -109955989518600270672620053578442080256.000000 
385223031780120019819474985131375067136.000000 -242110409390736420551496394371021930496.000000 -125953934746795250323244629216137838592.000000 
437436626184848403116827060369314807808.000000 -275817027650116741383093366517680570368.000000 -143489245217174311743289130697436954624.000000 
493896056919085298887398649486643298304.000000 -312415678838415690270818643033779601408.000000 -162529087969875417161069964737617330176.000000 
554419574843597164268461492759422828544.000000 -351809581702083057326075382438314377216.000000 -183023114158993968875720175468488425472.000000 
618763316393606142498806771237945081856.000000 -393870455526134599827684546299962589184.000000 -204904587864975511784055605670495387648.000000 
686587621793819369552479241355172773888.000000 -438418049458165141915212916282116538368.000000 -228079736564122762106832083359564300288.000000 
757398440532732561774491888184310366208.000000 -485179427619158114102819493886574985216.000000 -252406569881126056949184298935941857280.000000 
830489115659796690641789639535252996096.000000 -533744834932223088012619944578556887040.000000 -277671919516668681268143396425562062848.000000 
904907446365136776154110874772557529088.000000 -583537949364877252664031388630352134144.000000 -303575963468651447340842636783493578752.000000 
979454507353336548168591772352050626560.000000 -633808131210666601530515962727254458368.000000 -329728193849194308263152268837839175680.000000 
1052703693929326493713469072134021054464.000000 -683640537498943898239141721895621099520.000000 -355652678738978019005110455129193054208.000000 
1123034338758044483561818209274558414848.000000 -731978631897815575428400278311436025856.000000 -380799772591824389462336884056940085248.000000 
1188680188244122354175347405472936230912.000000 -777653815569023266131609697799752384512.000000 -404561531196703857899258879434670735360.000000 
1247792737226788487409613651820805095424.000000 -819421567223384185096163895050086907904.000000 -426290512943636817018434155051839651840.000000 
1298513172826296283213632302701189529600.000000 -856006655723072006082051473511934853120.000000 -445323299931983616018979115391676055552.000000 
1339039879517715762020576009700490870784.000000 -886152503376193754981754125987109404672.000000 -461006178407730423877269295936625967104.000000 
1367702376391485690271614364617772367872.000000 -908677840521789220380158272632285822976.000000 -472724612373975430246583697127921156096.000000 
1383060271498937941555529488728370184192.000000 -922539628243833197356878054089442721792.000000 -479935978091830487014291437983895650304.000000 
1383999288030123512755900693668343840768.000000 -926896039633737919807333251061846638592.000000 -482202329040205677177207703953146380288.000000 
1369814511513035397029870837742597832704.000000 -921168357212687131073077422755139289088.000000 -479222597025680564332484406387029311488.000000 
1340252395397660697386359694521096208384.000000 -905069911845473617140372349504913932288.000000 -470847647173629787595764045834537140224.000000 
1295549867778144555862355913684920827904.000000 -878631042112438882586763471043025698816.000000 -457093262628521962709109447507159547904.000000 
1236372316346550978657958621558343729152.000000 -842160832964556509307839675586752544768.000000 -438120239722262896210498656400385769472.000000 
1155296240051489754424567914533199282176.000000 -789567843716752582972885880709322899456.000000 -410759607221880983819516874180641423360.000000 
1068204904072793809164360195032521637888.000000 -733082050936967364366085198674560811008.000000 -381373808090774971107161159590943391744.000000 
982758187262694087101344966549044199424.000000 -678138776777720131741284327885511852032.000000 -352790478750892618623927249440402833408.000000 
887930053361813419946151346080587972608.000000 -615978705821880307863195029349672681472.000000 -320452730280142543303442545296002777088.000000 
781805419180247411104554212776034172928.000000 -544913184851516809215049080387248586752.000000 -283482068780816307242472461386519674880.000000 
675904678767861787803004016066992013312.000000 -473484473272880255392380230872323850240.000000 -246322463376557882633574676194624798720.000000 
578877237946700982472196486759144488960.000000 -408094178042696617976931986823450722304.000000 -212304244171434543645396434110575017984.000000 
483931843545212632797970764108748816384.000000 -343341754707386922177891024369623236608.000000 -178617867265970771961722771296600719360.000000 
395692731031515000008394241280263061504.000000 -282587599618225690577041798163695927296.000000 -147011523263854348970266510438497779712.000000 
315691166173602035106172628850477891584.000000 -226977206152176637250358273534498701312.000000 -118081136142158048831454082135316496384.000000 
245010407943364340212299240964792254464.000000 -177381187811155572199107555710279352320.000000 -92279628170874400788860831637224554496.000000 
184210069502754174290283373647231975424.000000 -134316284063507262156418788389166252032.000000 -69875824508908206772157640085820407808.000000 
132339842486155586558927845994539253760.000000 -97137034488394080370418045487618719744.000000 -50533935051520015055496858842020446208.000000 
91950464591834704248885199973189156864.000000 -68016296693144656023352644770474229760.000000 -35384353018795897002583752550605914112.000000 
60794239584821292978794969430772154368.000000 -45330016695499502670894047997372399616.000000 -23582191196586123801314352888534794240.000000 
37823603259434243549371833062577405952.000000 -28425334152398376408036847360602537984.000000 -14787809793047345247539940280345034752.000000 
22493127354891296910725933283514777600.000000 -17057395029638919890019937726068948992.000000 -8873827548018080394345252415439110144.000000 
12217760970156646389143878199049977856.000000 -9339258714245294099900739836734078976.000000 -4858594827201591354447086872101388288.000000 
6434305156198192154985612342884040704.000000 -4968785010005765793662729331228540928.000000 -2584928192455762448861665836199313408.000000 
3051738294934827861955987055681994752.000000 -2379023183310827988173471234735996928.000000 -1237647449962597008434273896896659456.000000 
1361638140527675317422395383064035328.000000 -1072984389381571577717211714033811456.000000 -558202375951487792631038500287807488.000000 
549508706226145253102765130714710016.000000 -437856700122275636458292925771546624.000000 -227787703859701786101695996724510720.000000 
199490030391200900218073395343917056.000000 -160826758436534727465955373879394304.000000 -83667460183266997826012345444335616.000000 
64290144893741238134235197224255488.000000 -52469567780762481438734131331596288.000000 -27296424524172374431440022255173632.000000 
18108844543072890726127825867243520.000000 -14968230690023751521083499386765312.000000 -7786974365747224465002593658077184.000000 
4375500238406792947517573499453440.000000 -3663406835999110009668214009626624.000000 -1905826795029369661291388855123968.000000 
863194289107034015634331222933504.000000 -731540778799469769910765500760064.000000 -380571986761729536401587914670080.000000 
144091377281168916808581842468864.000000 -123555087727523122241178934706176.000000 -64277490160084219821050768130048.000000 
18654851353426699125791739871232.000000 -16156561683176597761680279076864.000000 -8405183903890674995602785304576.000000 
1718973502524131108347579465728.000000 -1500514575089421458333818159104.000000 -780617881540204619989489025024.000000 
121578952483822933773335396352.000000 -106776432969187544298042687488.000000 -55548672626428558321347723264.000000 
5525795782407604596725776384.000000 -4873331153089890557884366848.000000 -2535269902688019950845558784.000000 
154304944885925221402411008.000000 -136454270247649236404404224.000000 -70988076448032275528941568.000000 
2444108335448256652771328.000000 -2164868131509243784200192.000000 -1126236827477625173704704.000000 
20082372058273734983680.000000 -17803562694450436112384.000000 -9262008930224416227328.000000 
77399318984892628992.000000 -68645406266821156864.000000 -35711636865825988608.000000 
114063612291385760.000000 -101180839154816416.000000 -52637657524110368.000000 
54824399733421.171875 -48635365039468.484375 -25301743985247.132812 
7076334969.528632 -6277612489.566990 -3265824034.027846 
195491.285039 -173426.437726 -90222.234871 
0.886461 -0.786408 -0.409116 
0.000001 -0.000001 -0.000000 

