847935754651432684355584.000000 -349258376651088211214336.000000 432069838134075763720192.000000 
7824780780142985710927872.000000 -3341287033948968379744256.000000 4133528196977373707501568.000000 
72207295246439845346672640.000000 -31269628361159702279618560.000000 38683863201987655565836288.000000 
666330604815676116568113152.000000 -289048913243219408889839616.000000 357584314384515705910329344.000000 
6148910189107299353507135488.000000 -2667368531403934525124771840.000000 3299819178736466411518951424.000000 
56742195209372536015895396352.000000 -24614755615860636350341447680.000000 30451076296673850830270496768.000000 
523616786310499231830368059392.000000 -227148127448572697187681566720.000000 281006444570432486725841321984.000000 
4831925437852670433077852372992.000000 -2096159558108815130262300000256.000000 2593172795623624912652917014528.000000 
44588805421919782363304833318912.000000 -19343792582102640262575210627072.000000 23930333210584093128018672746496.000000 
411462261159759047024123148500992.000000 -178509691841874987647567329755136.000000 220835515525901895825894863273984.000000 
3647334590877083562806602754949120.000000 -1582447506858067997705845688238080.000000 1957656233473497268908153259425792.000000 
13547750427619946325438786619572224.000000 -5878288195295652171789131241750528.000000 7272069043555543840900410092027904.000000 
23885788695437707238424441689997312.000000 -10364878747277015379607075929718784.000000 12822459766195415285176129797750784.000000 
33300814300277934696072782756708352.000000 -14452245454741701762942832180461568.000000 17878968041308747018878928948297728.000000 
46409250757313233807431155151011840.000000 -20144707678229063352619634836635648.000000 24921150551203494459355710487527424.000000 
64644150637037654111130589325164544.000000 -28066521556030409185881507997155328.000000 34721278676202721394562155243634688.000000 
89980616660388660092682811692023808.000000 -39079349400240034372534878152425472.000000 48345320537909245689404031263309824.000000 
125128678700077951577483317602156544.000000 -54367829569148047857643583982010368.000000 67258800051946090686082370437644288.000000 
173784335301584854830970257184653312.000000 -75551886172822068710510314477584384.000000 93465736004455643852064483444785152.000000 
240947107233897471916034467668426752.000000 -104830504178086100903238544245391360.000000 129686507181439409376567635700875264.000000 
333304571395038261104641382358712320.000000 -145158986797777110774548337975623680.000000 179577138652507055610138259923927040.000000 
459665765145274172039327862474407936.000000 -200454690835224335615798298529497088.000000 247983818320601258344693190220578816.000000 
631388091646370730500789884615131136.000000 -275811403527188415038271310046167040.000000 341208103926383678766938458337312768.000000 
862674974115416949155217610677157888.000000 -377674582730067465196553477361238016.000000 467223713836804391919999022130003968.000000 
1170509795880385142828245969520295936.000000 -513881484639314097088232229412274176.000000 635726169311092475827369894859505664.000000 
1573823990934953886122425777517494272.000000 -693394418953717881946789345669152768.000000 857802802707583706797303733357117440.000000 
2091279625095846044169816678770671616.000000 -925450191675165827364400361241575424.000000 1144880527569137306115258390880976896.000000 
2736833857507960929484435399823589376.000000 -1217730950516256431274007268127932416.000000 1506462979429226326821112898983559168.000000 
3512200786043704093641421529710329856.000000 -1573091767669839801515976845506379776.000000 1946082186902465778601974960754786304.000000 
4395764940937722443817634110854135808.000000 -1984501539163051393925563731928940544.000000 2455039924953887023544501514654449664.000000 
5328960899384372396089005111276208128.000000 -2428423043594803280553517609593602048.000000 3004218141961054447465427850902896640.000000 
6204177981959946636582679152273915904.000000 -2858202166606223783531555228710076416.000000 3535900725764792176999091081855369216.000000 
6862840819324029496899811975731609600.000000 -3201293171318256952142691357798957056.000000 3960340867451867223035960261638881280.000000 
7116492862448536434677835768029773824.000000 -3366618772405168561481689302101393408.000000 4164866257468215222272360451103784960.000000 
6802040795143704982042916723168903168.000000 -3268588795050450099131446013890396160.000000 4043592726811415280777330067897319424.000000 
5866631156941910203642748173641842688.000000 -2867946022846154240515718673332174848.000000 3547954914496804528955756713691054080.000000 
4444841192520201788133355520505413632.000000 -2213792673105991085612610099079020544.000000 2738697496973344176084466334766727168.000000 
2859582988965541474164234231486611456.000000 -1453028025334240310821968053153038336.000000 1797550540463135949383298502373670912.000000 
1496492064280823140921261949431316480.000000 -776741830030790601885077116477767680.000000 960912433916060843900300715731451904.000000 
603275918577334842860640263131365376.000000 -320243617433636670277195297783283712.000000 396175488401392211688039204949852160.000000 
174791423561774665799400041390014464.000000 -95041371681614296410416984847548416.000000 117576306894249204352839988023394304.000000 
33310891272677306153169194510712832.000000 -18597364378267079447890164564623360.000000 23006921963293869304254977271660544.000000 
3726680315685729812950682982940672.000000 -2144183372899382116006584033214464.000000 2652583373208340737148887200956416.000000 
211485764140129390201971318718464.000000 -125852630822534126000770140602368.000000 155693118514844030708458476011520.000000 
4978721047952154497858723119104.000000 -3056050197492254813997431259136.000000 3780659827893564997329271914496.000000 
34481204800836445040598319104.000000 -21544995771302267744163987456.000000 26653456174096639497638772736.000000 
39213368713790672093577216.000000 -24631391416701860995661824.000000 30471656555465687718428672.000000 
3300125309419858690048.000000 -2074495691167540183040.000000 2566372283142214516736.000000 
54712449742918680.000000 -34394448350761872.000000 42549598592650424.000000 
45798903716.420692 -28791061973.736771 35617612399.109322 

1048796059188817974788096.000000 -682791266175928395366400.000000 77565360888295538556928.000000 
9678323354565334425141248.000000 -6532129136151742044438528.000000 742052482089031152173056.000000 
89311764737992024244879360.000000 -61131259091841585057366016.000000 6944535479445998708719616.000000 
824170121967955138075164672.000000 -565082000410016657860198400.000000 64193541224924594745376768.000000 
7605444204605505900988334080.000000 -5214617836288688420183605248.000000 592382671547028843557552128.000000 
70182954582657400862366760960.000000 -48120936404760402686333943808.000000 5466557619318225419588599808.000000 
647646181918300687072925581312.000000 -444064890374953371787212095488.000000 50445949129759063246244937728.000000 
5976442354113672636157680156672.000000 -4097886036503701162991768567808.000000 465521492506347034874577158144.000000 
55150056417598876535103978209280.000000 -37815929375576689912584708554752.000000 4295904699793175479026706284544.000000 
508916876540683096208808295268352.000000 -348972876054229590634262521970688.000000 39643458275282532578963864158208.000000 
4511157040770232730360286051041280.000000 -3093532483178673490676855169089536.000000 351426527203985825500286995660800.000000 
16756115326304838109417442000240640.000000 -11491323617852601877021509678006272.000000 1305418958410154679116875339661312.000000 
29541819493539670428956386884845568.000000 -20261654607304842078683793952079872.000000 2301732066099182342822046604460032.000000 
41185167155690722717509959884472320.000000 -28251033251168420543678588775301120.000000 3209328675023655272744419315417088.000000 
57395058124874808671991666841747456.000000 -39377119204916114139248562729385984.000000 4473256488731622961799589280088064.000000 
79942393666325198442629392674848768.000000 -54859208005334563439034430419632128.000000 6232027967802763992962470084870144.000000 
111267061862339202274585342214406144.000000 -76379710444608841745556891546681344.000000 8676765651031499274270633191538688.000000 
154715187567328089089797062064603136.000000 -106250531953736056176071373710426112.000000 12070102919918490085309725861216256.000000 
214847161715358074705348769324466176.000000 -147630922128150203253950035655655424.000000 16770931791900432341686716706324480.000000 
297825775267835882499743327635636224.000000 -204805335565073726373951994744274944.000000 23265968022590771348829738108977152.000000 
411883221686769900307669343637864448.000000 -283523973535197320838101030802554880.000000 32208436775866365939053082877886464.000000 
567841335685432544689652274506498048.000000 -391393938293224326352853143256039424.000000 44462507909969373555745308096331776.000000 
779610984653929184482025867023745024.000000 -538278221891178665285117333372665856.000000 61148621266256117813597436442050560.000000 
1064509466884766002649675896037834752.000000 -736602374279585598530643679078514688.000000 83678324288128785013907852072321024.000000 
1443091317078776970832888887756455936.000000 -1001370421146704270252434707315687424.000000 113756080293938148116885717097906176.000000 
1937974412542405153674303603478626304.000000 -1349538401066484934526485522041274368.000000 153308102046466400813642267465089024.000000 
2570870704821587899889628433853972480.000000 -1798184321620194152028236451063791616.000000 204274458036502738964083692613402624.000000 
3356776252438811758320325697216708608.000000 -2360686586813028478972974255803727872.000000 268174940309109948352181621577744384.000000 
4294253379104690728929092650431152128.000000 -3040012829146449018559850252611878912.000000 345346673103220991277135966729404416.000000 
5351393761212880839728963633102716928.000000 -3818536224797396745523937521029873664.000000 433787242183505430668002149890260992.000000 
6449086371179339909582284906349723648.000000 -4645078232329587328932674707205914624.000000 527682744776316503876064255626182656.000000 
7447325412276623783449972359282294784.000000 -5422780860804336561897925147168342016.000000 616030074377157056099265323621941248.000000 
8146253217845046875804219855215788032.000000 -6006098575604730397513035884181585920.000000 682295200049356934025801951097126912.000000 
8318427219169976557771266851797467136.000000 -6219882371972796240997029244896804864.000000 706581124809686925178861921014644736.000000 
7784669935743986822516512827979595776.000000 -5912542650845623362905669409416675328.000000 671667209583367659560325900792758272.000000 
6522103225681586076805313161615900672.000000 -5039447031416669216284794344391573504.000000 572483198062125842103617454214217728.000000 
4748368409504525215878867120008724480.000000 -3737989969074323839058896854609559552.000000 424637155322623923175976305480957952.000000 
2892092411155976461947604522311352320.000000 -2322717968327443091885121274699055104.000000 263861690065358972098211181789970432.000000 
1403849400051395664974138205966172160.000000 -1151690605508357738671790977624047616.000000 130832513351010363642534006473359360.000000 
510380897968489783659640971969167360.000000 -428224915852954871779137187269836800.000000 48646521689596641041096444385165312.000000 
128311777632613304729653258265559040.000000 -110273745463702324719898538467655680.000000 12527141583548374606787008339640320.000000 
20122061696886265622413997827424256.000000 -17756225482746601430798831580086272.000000 2017114315619149862639266263203840.000000 
1722327730130922194562293967093760.000000 -1566277128523285758292581377114112.000000 177929708160164294348128439500800.000000 
67659802089241487573529357451264.000000 -63639229160151834198506750345216.000000 7229441882152397042848481935360.000000 
961029254127351094948866818048.000000 -932378660760087015250374688768.000000 105918588723962674143320604672.000000 
3324929680902684512230572032.000000 -3283669762136176444701671424.000000 373026198130147784097005568.000000 
1457449217190096069984256.000000 -1446975746487427851616256.000000 164377023451834408239104.000000 
33109068303132377088.000000 -32895924317830012928.000000 3736990157705241600.000000 
312529387155235.187500 -310531796377570.062500 35276536251286.500000 
261613277.748126 -259941374.931934 29529444.143769 

1309746416252379725824000.000000 -419497611967449188532224.000000 -748639512133365393260544.000000 
12086392386389611076648960.000000 -4013254369984995829743616.000000 -7162092722105403194736640.000000 
111533712315328205823148032.000000 -37558322895070363853520896.000000 -67026947774126211265986560.000000 
1029237553646215230960697344.000000 -347180716534835776388595712.000000 -619582078262032134704201728.000000 
9497845215753999465465249792.000000 -3203821803128635995333853184.000000 -5717571502749273888542162944.000000 
87646493979572753826234499072.000000 -29565303013741920018250072064.000000 -52762526872263416383199510528.000000 
808805329137226375256990547968.000000 -272833689285199590510787821568.000000 -486901651435067187399007141888.000000 
7463687607491683469624898224128.000000 -2517769445941874525195087118336.000000 -4493235803736772891523390898176.000000 
68875203446178707686945902821376.000000 -23234700330708607357682033098752.000000 -41464871846508512119748198137856.000000 
635583074614799020707390133633024.000000 -214418625098999887189078465052672.000000 -382653560609250582312492600393728.000000 
5634107678860320748589937640603648.000000 -1900803580596059309908272837820416.000000 -3392192528974888215014327569088512.000000 
20927947923793283535611008640876544.000000 -7061040853873308655146964640333824.000000 -12601202078851538232201259887099904.000000 
36898836494439992942786105577570304.000000 -12450755459485687617380274258575360.000000 -22219739104508829689258521890127872.000000 
51445413107818265675646607659368448.000000 -17361431293567596843236341315534848.000000 -30983378886461746702800302498643968.000000 
71700482234021108338925331755827200.000000 -24201198880046843915971288457281536.000000 -43189694543497604979622216363671552.000000 
99880814379891042817692811682381824.000000 -33720951762172339939302298269777920.000000 -60178737984959769915798790932004864.000000 
139043382877010913324212803984162816.000000 -46957728083155523142331157593456640.000000 -83801217552086048858458700396888064.000000 
193385927092101411988448563351781376.000000 -65338384966303880811607128289574912.000000 -116603516323595389185435091473530880.000000 
268639694824595275771362338874064896.000000 -90816186402288224545303460510171136.000000 -162071448185734545161764107355947008.000000 
372569270821332137159119933064347648.000000 -126046671319752421767312385266155520.000000 -224944113698974323208855701447245824.000000 
515583879548819258753785070285225984.000000 -174606488955497439646922840681218048.000000 -311604435824789386928726775986913280.000000 
711438737194984533352486288190603264.000000 -241251467515031046083024694708011008.000000 -430539711763426296587944713355526144.000000 
977952327665670502521745194847567872.000000 -332194094680181118546662050576203776.000000 -592836807362453043843106142959960064.000000 
1337569122424025046383764646741934080.000000 -455349836104652219370968413640851456.000000 -812621739495971773707031893604564992.000000 
1817435960427910803602094037483388928.000000 -620448052762670207335125675132583936.000000 -1107257620242148487213966386719096832.000000 
2448415126825875939709072391482114048.000000 -838817777091495745405870345419751424.000000 -1496962350906776435689099096838111232.000000 
3262131685774236838773277493437661184.000000 -1122537410634852620270838426370048000.000000 -2003291164180300329800955318782394368.000000 
4284813373949092686426827735244472320.000000 -1482494916629503657351893683286310912.000000 -2645674824990003600108505924330586112.000000 
5526529900435625643317505816392630272.000000 -1924800124302321472450551977487630336.000000 -3435016993907807241108172304587685888.000000 
6964910230076914548769036902936346624.000000 -2445067729780265202921162193892278272.000000 -4363491615055410710924361356149784576.000000 
8524233363231530314289787320202690560.000000 -3020616105867355712295209583368994816.000000 -5390620836273537885825443721677635584.000000 
10054779689021068404585518483302776832.000000 -3601966311317858035714865550573174784.000000 -6428104058516209002142708942174683136.000000 
11323699799069087806792048667611103232.000000 -4107411940324166930996944944658120704.000000 -7330127236513673839821282585008406528.000000 
12035371084823300329445567979778473984.000000 -4427369811217841985344222747621851136.000000 -7901127160078570927383403636088373248.000000 
11899893318647640626181025633541292032.000000 -4446543186989278422798690920108654592.000000 -7935344152676356627424756118839099392.000000 
10752250253722379838822187125423734784.000000 -4087332270801472162393098819513352192.000000 -7294292863286215065731877045448736768.000000 
8684075895784632985718938485930328064.000000 -3363277474962537552551866864414752768.000000 -6002137643206570997996642148294852608.000000 
6099551177349411967366434479186903040.000000 -2410058347435231577919695272621899776.000000 -4301013531340097684113779855978397696.000000 
3601168680309126255929647703202463744.000000 -1453463505163421332433140222871470080.000000 -2593865086158409171175289585231986688.000000 
1713278071772347546511635569086300160.000000 -707213823675250037051485640403714048.000000 -1262100657610640586842794080501497856.000000 
623240243823785383609862567367802880.000000 -263515676518051663357129214952210432.000000 -470272635361928116797218384653582336.000000 
162356429711105664051039044515135488.000000 -70484403910091041003078304128827392.000000 -125787151704587269639093432711380992.000000 
27904485544923339758115560926216192.000000 -12484529965797066624126455904206848.000000 -22280013416462372385435491554557952.000000 
2856102024438911383362591346655232.000000 -1321640285768472057254400885784576.000000 -2358612088667348540276142212382720.000000 
151166431442081493611217195892736.000000 -72153340398009190752264485076992.000000 -128765551968266398522986515660800.000000 
3185870991916574964182539042816.000000 -1547927294500828265783245144064.000000 -2762446081964681011958678290432.000000 
16709795666076472368473047040.000000 -8161769458917588475152695296.000000 -14565573036785687988801634304.000000 
11481923821915366318145536.000000 -5612484555192835191603200.000000 -10016094441037351104806912.000000 
469668898265086558208.000000 -229589689604390420480.000000 -409727989654488350720.000000 
393152212180448.500000 -192185986369645.437500 -342976977627717.937500 

746974559257035502780416.000000 425866843858923975344128.000000 -241195561433501941104640.000000 
6893110490314606706163712.000000 4074187217687366288277504.000000 -2307472130140356695031808.000000 
63609884827684387801792512.000000 38128558565678777771229184.000000 -21594635089613921512849408.000000 
586994375536669327060107264.000000 352451737215603469254131712.000000 -199615903096911653154848768.000000 
5416805198303075438090518528.000000 3252461966624325943435460608.000000 -1842076699309653429963456512.000000 
49986464697068727530818633728.000000 30014143375192983173282660352.000000 -16998924116110421996272091136.000000 
461276709277225862481529798656.000000 276975441070884449702077530112.000000 -156868861654123659570326798336.000000 
4256675010034990412898154577920.000000 2555987604133514850466841755648.000000 -1447618836934577134161377624064.000000 
39280704817544826444584520253440.000000 23587352474689155184706870837248.000000 -13359022438354444312980368654336.000000 
362483122208024344988250766573568.000000 217672576354820331325538888056832.000000 -123281866197524016607844034936832.000000 
3213211838331807829181021699440640.000000 1929644034137985892976037340381184.000000 -1092880516274467784185910770270208.000000 
11935459487113519633393676464422912.000000 7168148032771474512843577881526272.000000 -4059779515907807477565290476208128.000000 
21043734247499089786701426878054400.000000 12639549185885979138581791059738624.000000 -7158583031568514001245676331073536.000000 
29339557069084616214128662186819584.000000 17624555166156679512187855179874304.000000 -9981909931746401000821912911216640.000000 
40890697331685054155942225220993024.000000 24567731959596874152092281855803392.000000 -13914273883002093205369806439579648.000000 
56961103857255897022260567062085632.000000 34231181600374020973372555260854272.000000 -19387301884833882228629314279047168.000000 
79293619732541041276709848553095168.000000 47667320431414303211056754692456448.000000 -26997044450105745789243230785634304.000000 
110281138522356657167816235891556352.000000 66323969957995526414068167752024064.000000 -37563495259604568007307079897317376.000000 
153190100933808059877772455806238720.000000 92182720739823734961070338859859968.000000 -52208955460911501133600246623895552.000000 
212444634204422815076837305316540416.000000 127936910849599812929818679035559936.000000 -72458834223448756106628294852476928.000000 
293973473342132518077839579996487680.000000 177212738719362046794668765316382720.000000 -100366879049039974801121662415667200.000000 
405606794432847034399137269838512128.000000 244829317010815544664148452713693184.000000 -138662460868558341550647631685877760.000000 
557479549159008258300026478349254656.000000 337076835122304202455445930319544320.000000 -190908115214728184085618862193639424.000000 
762342159028623068983105470838341632.000000 461960275934086209982887541539340288.000000 -261637574562644758699930390972334080.000000 
1035586287670246528097508517396611072.000000 629300887950846817317606925004701696.000000 -356413238477394041210488837992611840.000000 
1394652135368815811946628007052967936.000000 850499793159167088717843764919402496.000000 -481692289663333839494696287130877952.000000 
1857296853796907595766658880258441216.000000 1137644056594403323332570866979438592.000000 -644320404132405359977680696785240064.000000 
2438010844640114708024186807884185600.000000 1501490813414890846082545479866908672.000000 -850390033765624026042849535073452032.000000 
3141788658986670537077325078537961472.000000 1947761718765035871141565837187481600.000000 -1103141716878627139585579421207101440.000000 
3954749454247495608756525151455019008.000000 2471269388953806370013468768008667136.000000 -1399637507163144868030346636822577152.000000 
4832180260504949899327040333285425152.000000 3047958673956853859837564775974305792.000000 -1726253438585766918520799687753072640.000000 
5686922411018754271222803678235721728.000000 3626353479538653152970836447907020800.000000 -2053835315114143054669133705834921984.000000 
6384732869113186061844951161402032128.000000 4122383486716414564164954767568666624.000000 -2334768751925056481586110008184012800.000000 
6757078465737788656586483360784711680.000000 4424569492254073415503675330075295744.000000 -2505915964519864149447159732940832768.000000 
6641934227604421476949584234688806912.000000 4417736024746489266128422060081283072.000000 -2502045735935984696693301810653298688.000000 
5953205419451295373626311269307908096.000000 4028257209894806873042844993235976192.000000 -2281459036667783175859031043590848512.000000 
4755184578843826778874466285022871552.000000 3278175588511501355231259435403837440.000000 -1856639963759562976820245382163333120.000000 
3289558034925454058321927779938992128.000000 2313625031866034214510322995561496576.000000 -1310353450977722473547441205948710912.000000 
1902004282656722225482681287645855744.000000 1366463079552545995056132580947525632.000000 -773915214117981910849642300079865856.000000 
879295214262451297389622498626109440.000000 646075598310477533627598355323420672.000000 -365913827080191695546548467303186432.000000 
307500043740654234094659871879200768.000000 231431192862641276554787880175665152.000000 -131074248443302741508049710050443264.000000 
75883329479984160251450992854302720.000000 58640229454049755020085322913415168.000000 -33211702835556472222598941326180352.000000 
12107452766191719543500527531720704.000000 9642212616305351093819013171511296.000000 -5461000120078334871281494025830400.000000 
1118887708286815596759673007505408.000000 921619803754397649655475367575552.000000 -521972088694496948960816420356096.000000 
51466577162031277306620363669504.000000 43727244547183969296446834868224.000000 -24765528123602639424711137689600.000000 
894508739162460989906917261312.000000 773628935173146485805123895296.000000 -438155418885116649127349846016.000000 
3600272199691505352352727040.000000 3130215700236280864842973184.000000 -1772840840073845854521262080.000000 
1719574596416012063604736.000000 1496191773750903527440384.000000 -847388849556887787536384.000000 
60153613995456692224.000000 52341726994869043200.000000 -29644459086156623872.000000 
50353614004081.898438 43814451982286.398438 -24814919257413.640625 

310891945743668360511488.000000 180628063718694885261312.000000 -94165488565872131833856.000000 
2868919748667085923811328.000000 1728032392144816021962752.000000 -900862308513623394222080.000000 
26474427798499009083998208.000000 16171864633360334247165952.000000 -8430758226989246629019648.000000 
244306083991621873933746176.000000 149488483119888136960737280.000000 -77931722004604943056502784.000000 
2254453697871490760717631488.000000 1379488442999188709433147392.000000 -719158476992234263272226816.000000 
20804028885394439051359027200.000000 12730009146805356111159361536.000000 -6636441237745939509418131456.000000 
191978381633026754453409103872.000000 117473470482571738983822262272.000000 -61241572952625432537381994496.000000 
1771558457787510397885007003648.000000 1084055392931469201973046149120.000000 -565142556512358032555598938112.000000 
16347686138139715872032947175424.000000 10003775875885425100189673193472.000000 -5215194269719335412292000940032.000000 
150852966473040286513705049391104.000000 92316115014141588287227921694720.000000 -48126475442642801028322539077632.000000 
1337181550756328800303160217305088.000000 818344100262465565120389233770496.000000 -426621259342207669292987479752704.000000 
4966717870127674814867426563325952.000000 3039800279933865264010015432245248.000000 -1584716530806841505431304628338688.000000 
8756383301322209103026266430242816.000000 5359709815064095693209067558273024.000000 -2794137759749315903799956829372416.000000 
12207212576421620254119691607343104.000000 7472894582147791339692110546731008.000000 -3895788698843116169071409951145984.000000 
17011158757547549439520909761183744.000000 10415549399663190384975412081983488.000000 -5429861106348947718971155739049984.000000 
23692679906692401324373620658536448.000000 14509933353356483609583470545731584.000000 -7564355920932359246349868531187712.000000 
32974099700017284588356081117298688.000000 20200549309098369193311812091641856.000000 -10531002524351167855697516134662144.000000 
45845539397711478983227594774675456.000000 28097915154974636599321079949819904.000000 -14648077678401010745669963523031040.000000 
63655481609929934201883472049471488.000000 39035735362366182749936140121276416.000000 -20350210350756581625556195898032128.000000 
88224430724246849872197824708345856.000000 54143546003665936524552255274221568.000000 -28226253203179806869487747365601280.000000 
121980760825651988968293046450913280.000000 74935199632869319058150988774899712.000000 -39065411757940357986289917481713664.000000 
168110189222509137097209126020186112.000000 103409389394852736866492580580294656.000000 -53909649886021512180246013500456960.000000 
230695252831972551928817703282802688.000000 142149835803047851138402721386725376.000000 -74105919436743120200336709861244928.000000 
314794270839319242488445694807900160.000000 194396862426224674022264476497084416.000000 -101343474259606310666237049693011968.000000 
426365242085669410059756344327536640.000000 264035050788842887605498893689683968.000000 -137647434425069109949061093971197952.000000 
571875174196618439562356169113600000.000000 355399896495104691974216860445966336.000000 -185277991695917090920231280152936448.000000 
757353877194731514067859625027305472.000000 472750143540772199387639047021133824.000000 -246455325488248299405459458239758336.000000 
986579196221099532841691590116245504.000000 619193996229716102542246908633546752.000000 -322799812895250148551242629878120448.000000 
1258088356136439140727538965131821056.000000 794836382787480093561584727764238336.000000 -414366155370391228348372980273774592.000000 
1560940709438933428316964105882697728.000000 994020312540801966561607851001774080.000000 -518205235929336710672471181745979392.000000 
1869830818975159815990271874057633792.000000 1201921207135875913563418063391424512.000000 -626588667107095468741309030048202752.000000 
2141469351453656167899823798109601792.000000 1391593629650003470449050324138196992.000000 -725469184153056699795950658018869248.000000 
2315978466666360547899455996497494016.000000 1523869975938536719543677515993186304.000000 -794427830542394307039578801479614464.000000 
2328300494805585342500256481959477248.000000 1553670164305651147731254168864686080.000000 -809963341687077902503436547564503040.000000 
2132683367645312380608525690577354752.000000 1445570610484546067611910710868574208.000000 -753608603172192133971981895829815296.000000 
1734934256685404800745789048848646144.000000 1196346777415034817836975706936967168.000000 -623682591011652517378083591395737600.000000 
1213025077563264562691542647956307968.000000 852201607468101199216153263100395520.000000 -444271942419929335882220080208019456.000000 
698880167693715503592284773941248000.000000 500917120457176465560332306084790272.000000 -261139406622437775554217646487502848.000000 
314310237048281200324994288570073088.000000 230119104202740145921554741494546432.000000 -119966285578629680535422271427182592.000000 
102894644322332342593654082030796800.000000 77045829692504654069726330207862784.000000 -40165730870350824723578074760740864.000000 
22398029950219701410205815040638976.000000 17178857218045767435944450859204608.000000 -8955726201327886630998733240664064.000000 
2881958170174846347527983814672384.000000 2269575806201515634182961925980160.000000 -1183181119413890181305276727033856.000000 
187973553645484534206392887672832.000000 152555689524208149474572926713856.000000 -79530725966940356388364432179200.000000 
5083644633371851967878205014016.000000 4267251272425692896107704614912.000000 -2224614451534510083896684576768.000000 
43237837667526032480295452672.000000 37436783603427376996005445632.000000 -19516640691236675276133892096.000000 
73956577793809751763582976.000000 65182747262603587949166592.000000 -33981238107096845706592256.000000 
12318166965199426289664.000000 10914221211408199057408.000000 -5689829982836089683968.000000 
74069432903065696.000000 65676953401627576.000000 -34238878927550544.000000 
394736814100.098816 350027117847.656677 -182477040858.725189 
330427.780647 293002.299082 -152748.715100 

659102284857703024033792.000000 -162105345244633438879744.000000 -400271515526093493764096.000000 
6082220341207005954834432.000000 -1550830705537706121756672.000000 -3829320716680862252400640.000000 
56126930030716382504550400.000000 -14513547084960111343435776.000000 -35836939729466582789783552.000000 
517941013857769251934306304.000000 -134159835791651144290271232.000000 -331268291702637839796666368.000000 
4779573510777773259757715456.000000 -1238039937282230765639172096.000000 -3056975827847932189362618368.000000 
44106008127386308825380290560.000000 -11424778360741789734805700608.000000 -28210132997790380320939311104.000000 
407010897649234484179538804736.000000 -105429530675161176811560239104.000000 -260327245599870727314129027072.000000 
3755898764552352858763140530176.000000 -972923351685180173639714078720.000000 -2402348324060867630085825363968.000000 
34659405434032122905893237948416.000000 -8978370714712312906735035613184.000000 -22169448191295629683886546485248.000000 
319836114407725632984467260833792.000000 -82855230187900868951649703428096.000000 -204586643990830045536698863976448.000000 
2835150704240858145054251886313472.000000 -734497787073978376153743350562816.000000 -1813626453458333648046563572842496.000000 
10531056008957207302911072082591744.000000 -2728451542048416204760215038459904.000000 -6737109329288951837884011803312128.000000 
18567356596904212846758136893145088.000000 -4810999966505801220855446317826048.000000 -11879350707918829513445980187394048.000000 
25886495171337174570245451549769728.000000 -6708329181628266409281727095635968.000000 -16564247675646327064797712243228672.000000 
36077282876664675411144765859692544.000000 -9350845251490583546519390842257408.000000 -23089164608457100752853061743935488.000000 
50254322308469138255146921221947392.000000 -13028469907436827742867454764777472.000000 -32169978028583762166822377743187968.000000 
69954176862357887764851003494498304.000000 -18141477147003425672610589647568896.000000 -44795046952675654742097245027434496.000000 
97285855319664297698986203440742400.000000 -25240355893668201669769339124842496.000000 -62323642016431281838023680068681728.000000 
135127004053393780120497925316935680.000000 -35078213541681856904132067829219328.000000 -86615340629810330310942418190467072.000000 
187372722515235463305090204543483904.000000 -48678026260274548142028146742394880.000000 -120196081841811482107488197672960000.000000 
259238142927817720830655838545772544.000000 -67415878047396249161437228482691072.000000 -166463700723939755395765447694483456.000000 
357602083722634677347202824885239808.000000 -93118236006085573062376240678174720.000000 -229928121080919396749014400222887936.000000 
491351147207360546936976432074588160.000000 -128164704844503251479132071740309504.000000 -316465077494180413492164862448500736.000000 
671632876494125655041504633176457216.000000 -175575187519776549532183095094018048.000000 -433531332919730376251551831008739328.000000 
911842093560297184556679796977827840.000000 -239038684409108542922260097362034688.000000 -590235789778591429489040972794822656.000000 
1227037025566443159086546841969360896.000000 -322806658100047466207528613771739136.000000 -797076185641059551049781521206476800.000000 
1632314712654612436351570447775563776.000000 -431325837445562277861035031111139328.000000 -1065032410741015894426367265305788416.000000 
2139506913417229703674063076756291584.000000 -568430326884071207960536742522519552.000000 -1403571659339914674090205910843523072.000000 
2751501177413747422550725699364192256.000000 -735876715331504604128126015394283520.000000 -1817031311593077643724904129527545856.000000 
3453787327185584330790890241200750592.000000 -931050433014675796542137881115754496.000000 -2298955455735333808808188818250268672.000000 
4203869592133853014481797438247010304.000000 -1143909541733646153758933269629370368.000000 -2824548476199268037194322373158895616.000000 
4921400795207606144141632513134034944.000000 -1353811087877066228591941074485772288.000000 -3342838664960816446316775749959286784.000000 
5485321731198435689488475151587606528.000000 -1527862471313290668840140197018468352.000000 -3772607411465103441947645674765942784.000000 
5747626576254356269828091621675106304.000000 -1623592746769907598396575034506215424.000000 -4008985196422931120328384504882266112.000000 
5572840067171199281985935409284120576.000000 -1599036107280216073739278690570731520.000000 -3948349791156478248948877366344548352.000000 
4901884293911304210442561108960083968.000000 -1430888786670899409985441450019520512.000000 -3533159392898026631782958674078597120.000000 
3815550242974707192209504051943964672.000000 -1134745604549446537652551484369272832.000000 -2801920826140166167432400294291439616.000000 
2547486150045695221665945675926339584.000000 -772936387681607076299858439342915584.000000 -1908539282499836530367075115033690112.000000 
1402847309762085858351407812002709504.000000 -434783761041638123724260419131408384.000000 -1073570736952813711010311631810854912.000000 
606521643497025214187365331776831488.000000 -192252250349781184543937960525955072.000000 -474710439033819807713367950184415232.000000 
193464499238138740600910885412667392.000000 -62813717269962415966219567680716800.000000 -155100017026167564271550107148615680.000000 
42074410138064395354966704196157440.000000 -14026322464991619893589572499537920.000000 -34633881701107883288046521758515200.000000 
5643298208802377724069094935756800.000000 -1938801827567748294968463929114624.000000 -4787301397459587633627517824270336.000000 
410871535643233581704869440389120.000000 -145998317366231090707100619243520.000000 -360499943220567818699204145971200.000000 
13620398539099040311476874117120.000000 -4992213387980446912721931206656.000000 -12326804002798549739975743635456.000000 
150953085228492705452829704192.000000 -56320514107497240132268851200.000000 -139066959840196684970587062272.000000 
327471713611217609976446976.000000 -122825692307607955842269184.000000 -303281954899852201566404608.000000 
66918869237184314998784.000000 -25118363194964819574784.000000 -62022416894462424776704.000000 
1624836317414046976.000000 -609919390709187456.000000 -1506016710920272128.000000 
1360124110798.401367 -510554110297.367493 -1260663349369.530029 

1287137347089961781821440.000000 -842009180226623406866432.000000 -47479097709841036083200.000000 
11877754621334419857735680.000000 -8055342439730984972713984.000000 -454223540269809131323392.000000 
109608386586165245173039104.000000 -75386482430958568921366528.000000 -4250882590588081883054080.000000 
1011470468351977141638791168.000000 -696855671838141856843038720.000000 -39294201666489032279851008.000000 
9333888543910379500781699072.000000 -6430659820211670960062857216.000000 -362611160439370203887828992.000000 
86133478805010073392116662272.000000 -59342991426549532149577416704.000000 -3346224429022343087194636288.000000 
794842956137356215881429942272.000000 -547627163584604508230269272064.000000 -30879525091874309978068090880.000000 
7334839629152304026507913723904.000000 -5053622396135784116313164611584.000000 -284962963788818273200320282624.000000 
67686155665198299012910070890496.000000 -46636257316184949446614552936448.000000 -2629718855726108309268386021376.000000 
624610069747774974699784030388224.000000 -430376773578430008447585614823424.000000 -24268026245600680921737382068224.000000 
5536832616696193967998166385033216.000000 -3815251340944023613447249653137408.000000 -215133867252526818269671832158208.000000 
20566592327921759810282251389763584.000000 -14172748432799768725978474222714880.000000 -799170987039340584361315549577216.000000 
36261653113965770240801048998445056.000000 -24990807600958667974617756562620416.000000 -1409178217765276520280055621877760.000000 
50556911230214779008955480516067328.000000 -34847294087961275738094633392013312.000000 -1964964420554860084391834441220096.000000 
70461925038044715303640374309814272.000000 -48575688921553735499820561426546688.000000 -2739079258029649335667224001642496.000000 
98155019847240540894318725745868800.000000 -67683050616886007140696799823527936.000000 -3816502538219759345117424038969344.000000 
136640057652407198965399529736634368.000000 -94250670479717763906049145118392320.000000 -5314593828680273692743609578684416.000000 
190041665893512385033791301553750016.000000 -131142065013271755326425335962009600.000000 -7394820703688310135269875800604672.000000 
263990924786839327119759293420666880.000000 -182276941770005323834883567568027648.000000 -10278207092967566138317416127528960.000000 
366116051168960168617122420727218176.000000 -252983839491760642031365035531436032.000000 -14265217905352543837985257056894976.000000 
506642187694658272109610999228661760.000000 -350438699807552107906703912301756416.000000 -19760489149291971165560982705537024.000000 
699078877775103096841271865675612160.000000 -484181616872791210515451858145771520.000000 -27301966340348932896842014307385344.000000 
960921744227248635730915437901250560.000000 -666671523211385135884389306626736128.000000 -37592182050084833191671964628942848.000000 
1314199761737134122348062748595716096.000000 -913776520655693657409273247179997184.000000 -51525904619582965418508103442235392.000000 
1785540350326935669353235815340179456.000000 -1244989356386543733268086592437747712.000000 -70202288392721950484953977784893440.000000 
2405182756960535868486887816980070400.000000 -1682985267218097097112618641983012864.000000 -94899941500595534330301068678791168.000000 
3204049632543889219048707034556923904.000000 -2251895486540431719743179181852196864.000000 -126979572608729282706224492484493312.000000 
4207653650384777476696058421265301504.000000 -2973383633729142927615633957142396928.000000 -167662746903391070646678531556245504.000000 
5425470652604783475367423466755063808.000000 -3859403561203130940058406549383544832.000000 -217623516568730594427906132178632704.000000 
6834885049231188187166821878310371328.000000 -4900678880933304119649189383668498432.000000 -276338805913923555984598408588427264.000000 
8360622190780878730166184726801416192.000000 -6051018241551488326539501107134070784.000000 -341203983378576475650793932480053248.000000 
9854544624533085559678142594907373568.000000 -7210299562614721262363008129627586560.000000 -406573378877495498879690384947019776.000000 
11086993462571518842253237439048974336.000000 -8213785666085704833958339616884916224.000000 -463157815099845443884446545189273600.000000 
11767454019654067190412460030901092352.000000 -8841347994629102906837443180534693888.000000 -498544713266333145805781581036519424.000000 
11612843824752172099178153354740105216.000000 -8862733549963786536360092173709869056.000000 -499750599015751379881917565026435072.000000 
10465456688721474036774729500741074944.000000 -8125468774028419859889471440075882496.000000 -458177814351767227015270605392969728.000000 
8422112142933114296415523984908484608.000000 -6662078853851724009226296650417307648.000000 -375660385041833191772321027836608512.000000 
5886409517035237666998257351267450880.000000 -4750395957507470128310205884238135296.000000 -267864673121766475750452021822488576.000000 
3451833608482658045833285489970380800.000000 -2845510422782787261123966041354928128.000000 -160452249892706340409931616336478208.000000 
1626998759417841941178118928429219840.000000 -1371701985005746441303832368194256896.000000 -77347342646955444566485687431331840.000000 
584326662336664433952797639560921088.000000 -504610556216151591983797813018361856.000000 -28453910558974613692958314078404608.000000 
149566192286675229485896925429366784.000000 -132619271153078778208114100152565760.000000 -7478117200088259638101658254180352.000000 
25092762921583339477089225954820096.000000 -22929591619933972608331874685681664.000000 -1292950654856974180055506562842624.000000 
2484502359418750570166002613485568.000000 -2348165079787845259437035088773120.000000 -132408009176428417376150123184128.000000 
125640196119680841401532430680064.000000 -122483996182582364360366121549824.000000 -6906610710680638111192776179712.000000 
2487217336587192099231290621952.000000 -2468230811584939928126140448768.000000 -139178259127935481414269534208.000000 
11970453344187594766022606848.000000 -11941900354565126819346907136.000000 -673378232791926622866374656.000000 
7308934206087946735452160.000000 -7296997723904409163792384.000000 -411462102857949640654848.000000 
284162937353500459008.000000 -283711978886767771648.000000 -15997911998289252352.000000 
237868182996369.500000 -237490919566950.781250 -13391605270009.521484 

