95006241202982342519758866601738240.000000 -30172783198731504635530539759042560.000000 56585429828957511918564526197309440.000000 
133708955305045975625379811581493248.000000 -42779356235590084082248674510372864.000000 80227542963246685104243007773736960.000000 
184199050288677289557104297225748480.000000 -59099226453316663813604877141016576.000000 110833498832166465057057033263513600.000000 
251516304185973830619242149697290240.000000 -80772678569529665550083944483913728.000000 151479454354254340351920974371749888.000000 
342731872281187199403440788817838080.000000 -110149791077935405599489793825177600.000000 206572699398074880906386866251497472.000000 
466315877489043117164123722879074304.000000 -150033077248450776713712819998031872.000000 281369010897930370145729146041401344.000000 
633032672827603291750839084103237632.000000 -203990266137080291051185210176569344.000000 382559236059317278902017949723262976.000000 
856523128911313473262088447141609472.000000 -276598099240167134050774983102169088.000000 518726503693417782988597743195258880.000000 
1153482465514742566336367491203203072.000000 -373541835380517373318337906008391680.000000 700532833676175335205297322429775872.000000 
1543395745642780101405470583695605760.000000 -501565317327210053304785690687438848.000000 940625492892906464736401699194798080.000000 
2047686820135054967742500825955565568.000000 -668200912548338755910512348917399552.000000 1253130531565911722352308258638659584.000000 
2688412943959220841022967956358823936.000000 -881308564976645097493028709301485568.000000 1652788330220784926819012881265197056.000000 
3486989111867059979338274675584139264.000000 -1148618506879736431598725881080578048.000000 2154096010739164794357532264987885568.000000 
4463220320447321465493855395811164160.000000 -1477447811726829464783636288222789632.000000 2770775865314609489408881434277445632.000000 
5633733535467895620959753359708913664.000000 -1874312593438710326776118975144132608.000000 3515048082737569216086678651109638144.000000 
7008057760431274623502854188198526976.000000 -2343725141328267779738760776643510272.000000 4395374919492667228728959948940115968.000000 
8581611973001933495643389978482835456.000000 -2885745551829009819738427931989377024.000000 5411869079220761241723918599294287872.000000 
10327070880965380409680691921504174080.000000 -3492730886008403226154154065517346816.000000 6550197148202422454586958209628504064.000000 
12187159422856659230385108032113606656.000000 -4146383934472508375233479571859832832.000000 7776044908507969930425764688636674048.000000 
14072693834295665462861766122664886272.000000 -4816602950824741928778580840188739584.000000 9032960151296266130642866017662926848.000000 
15868456512058776066112718786170716160.000000 -5463337312198086751710980182997204992.000000 10245832745197563441247035790001700864.000000 
17446393123847632709718311360454983680.000000 -6041373217487595252129693218805645312.000000 11329869638378586363725510492209283072.000000 
18683049926170697193605615485605380096.000000 -6506931496676034390550025735543717888.000000 12202968257249640413977238040125374464.000000 
19469477454868568744993413321218588672.000000 -6821602465211130896077770594073968640.000000 12793095853102336746320831441755176960.000000 
19700618921733621689154117386511581184.000000 -6948046604433769909342127975280148480.000000 13030226644787701447100141277240360960.000000 
19272461240465290391907947105396719616.000000 -6846778392828431422488770910850383872.000000 12840310280627467424704517182507188224.000000 
18111018246357132456476696702571511808.000000 -6485531330013034526907790667894751232.000000 12162834815761596322320893406861066240.000000 
16223643041558830973794645478161252352.000000 -5859664542268646038953259923845152768.000000 10989096849100500154711347241898999808.000000 
13696685867669445141121953466549272576.000000 -4990161368404955057797740819210305536.000000 9358448111572429156139812900426481664.000000 
10500446939430920132713311977005383680.000000 -3851899769240602612149538450674024448.000000 7223775236939530178503110534342115328.000000 
7804239499641684243801586338709372928.000000 -2895899433995802753617214542813593600.000000 5430911465302822952556828858781794304.000000 
5314584965556736178824827850610180096.000000 -1996032209706642122245934201845055488.000000 3743318599241536717900678286385610752.000000 
3324373072100214067086713498630094848.000000 -1264750510394182626015284641543487488.000000 2371887630838673765597650492369928192.000000 
1878657825892184779303820672498663424.000000 -724571970183753492534298108749676544.000000 1358847677551535164613191895468736512.000000 
938485453986296598968772109002604544.000000 -367219099200454856758907601049092096.000000 688675301605385501366774112052051968.000000 
402410678354428450053850360031739904.000000 -159858325049106463490514158436220928.000000 299795082709545538570351244275089408.000000 
142339342729275567224403442467340288.000000 -57449883487821694599456142510784512.000000 107740354258025061663679350269018112.000000 
38586667002527474254777496698355712.000000 -15824963191964478191708061223092224.000000 29677817201907563746156396448579584.000000 
7832153622751458284596235102846976.000000 -3274239787411594431124282292568064.000000 6140443343043960006179189667397632.000000 
1118615820144331004087901750296576.000000 -478274186838255089170507796316160.000000 896945775936094513716553276456960.000000 
101395873415647401095729199972352.000000 -44457778291640850647929791184896.000000 83375221878065100128617163128832.000000 
5431487155912155520434033393664.000000 -2443546957556470271104111345664.000000 4582578742897911475731624361984.000000 
164140654515964311412469137408.000000 -75470792025212458830917533696.000000 141536403126975805580019499008.000000 
1835889587965099475348750336.000000 -855733878291016421577064448.000000 1604826077971278479602221056.000000 
7014330637718416552624128.000000 -3291677039223389426810880.000000 6173144813846550221422592.000000 
6873529210408374632448.000000 -3232702125339292729344.000000 6062544448302620868608.000000 
3126546605519351296.000000 -1471025258201108992.000000 2758731137804429824.000000 
224674676523305.593750 -105712372723107.312500 198250854400049.843750 
813801107.436677 -382904816.355852 718091979.595202 
58.494652 -27.522554 51.615244 

