9180865289575633172487236961173504.000000 -3042440197427331079859265091928064.000000 5396938755216811679912014590771200.000000 
12919053858993608498579459736076288.000000 -4313418996468915440876246609690624.000000 7651508867525581767575527667793920.000000 
17791824431069672169623312536698880.000000 -5957273995871904885288215513137152.000000 10567518444882872766052550437765120.000000 
24296280598137505889182994007064576.000000 -8142242186286991976063970557558784.000000 14443400546275854068882465653522432.000000 
33115166610667332049603621204000768.000000 -11105395906083324601740727769104384.000000 19699694215271029829568489932718080.000000 
45072335776329602418025067964268544.000000 -15130606536712703557656987649966080.000000 26839954611752735934784002032926720.000000 
61220694897683520942215202097594368.000000 -20581211482967415663666662113017856.000000 36508700475251740262530373128290304.000000 
82903254300908458651622689841610752.000000 -27926140909051254662067488609533952.000000 49537759947803948777317501302210560.000000 
111778350749261785361183651263414272.000000 -37752988056157502239079748088102912.000000 66969455813068766163372829751377920.000000 
149802757059330275185202174829264896.000000 -50766773432290067759033615619457024.000000 90054413311301209084299346958090240.000000 
199152142187202878916599609034801152.000000 -67764900892494116998151992787337216.000000 120207135107990286248695845036752896.000000 
262081642944583254605808676898865152.000000 -89586641982069454929912333483376640.000000 158916392332576942011573391111225344.000000 
340772330413894063474539570149720064.000000 -117054359446706522064338581687631872.000000 207640961850031261826541952918618112.000000 
437220380833113444885347722812456960.000000 -150934435444588172571232219059716096.000000 267740317405901644639826416515416064.000000 
553132774303229772058543982259470336.000000 -191912720533222694225230947382460416.000000 340431078954537864266177302434414592.000000 
689655128862946067775501969246912512.000000 -240515587339972323813548545974206464.000000 426646970956554147029271977274638336.000000 
846797639682274895154157810532483072.000000 -296909300635907652510416672728809472.000000 526682927980385915653279755590959104.000000 
1022650998078901917188324930883682304.000000 -360601111750502342045773104142090240.000000 639664870595057495464320166076088320.000000 
1212623675789836057090668417664417792.000000 -430130843025732850595731001187500032.000000 763002611687358664382495481816678400.000000 
1409008288487774389356170115639410688.000000 -502873838388671851614730561607696384.000000 892040313456081946037343072309739520.000000 
1601160012532040817900395692166217728.000000 -575072272760427288371148211116572672.000000 1020112026700072731317850199826628608.000000 
1776158732675568205544005860367269888.000000 -642058307844600854249279413532229632.000000 1138937543503915700116576372728528896.000000 
1919656820790248575275575183700656128.000000 -698553406072406599053407810066841600.000000 1239153345728473781579599949240205312.000000 
2016824613202629728429244775720288256.000000 -738989948050222042475930401258864640.000000 1310883117347834822509573539698311168.000000 
2053678740638685037971937177995575296.000000 -757976956359571604706169539249831936.000000 1344563884870233622894102904064442368.000000 
2019695519963833820573245237830352896.000000 -751244040829614430209374532946362368.000000 1332620467612616564768318420674412544.000000 
1909979060959595326325103027571130368.000000 -716401403095723536576594959591800832.000000 1270813638318476513621332449722105856.000000 
1726083434287331384525845449666461696.000000 -653263240812223460489052689044340736.000000 1158813805010617853178675615739412480.000000 
1477738715795377784187712323348070400.000000 -564500164684977025712420666050871296.000000 1001358323720146701388086203870347264.000000 
1140518139664162585838388948638892032.000000 -438146800542889694183575224791859200.000000 777221997764724118148230264817451008.000000 
867627974375171101734289637705252864.000000 -337120789049531070410327056220946432.000000 598013480478326696832648544444743680.000000 
615485696243977571929624072639479808.000000 -242116067249570365005583995784658944.000000 429486038116644525731567340594659328.000000 
398138029612611531713558083132194816.000000 -158643190547709424404287072208158720.000000 281414761756752139555708138376134656.000000 
233740063467674627367616576399343616.000000 -94412255544478775779938978391654400.000000 167476475411510897245990128791322624.000000 
117379689637187297775240859957067776.000000 -47997129553270827410090136805834752.000000 85141383828760232951835913126674432.000000 
53331377565628294756968877168525312.000000 -22142852554204135926929908784168960.000000 39278872006058620474934196390854656.000000 
20381930646670033416433064451506176.000000 -8598871481146126378026959500214272.000000 15253408361803819192697474995191808.000000 
6152038732078119206526073230589952.000000 -2638948936814649353107212131631104.000000 4681191696775613612012361933127680.000000 
1439269361094085313691612767846400.000000 -629050430707640854137804125372416.000000 1115863066541994994452665676595200.000000 
235940810422341970104576714473472.000000 -105389766167308937367875773005824.000000 186949315852632337831073090109440.000000 
26448194434488671950730065608704.000000 -12114195363425066688749544407040.000000 21489188349674419429807942008832.000000 
1871840571821457063293172580352.000000 -879587533630433153605580095488.000000 1560287052764343190675947257856.000000 
83417779066762702353711759360.000000 -40055082738503642452104052736.000000 71053106831037256740099850240.000000 
1545564295526086261908439040.000000 -752200989835660256769736704.000000 1334317985013898064508747776.000000 
12445796509477840315482112.000000 -6096966647804287000772608.000000 10815317132157115162427392.000000 
28640684747620291182592.000000 -14059090716719902097408.000000 24939208868044438765568.000000 
16915157368754157568.000000 -8306328067828847616.000000 14734470015455883264.000000 
1215528821306139.750000 -596918131603342.750000 1058864066043367.500000 
4402804607.120580 -2162119926.678136 3835351911.134639 
316.466176 -155.409543 275.678644 

0.000000 0.000000 0.000000 
134598192273077904184490976251740160.000000 24714056251800721450169849236946944.000000 48216202027011443881231046338936832.000000 
190329887238939045236810856834007040.000000 35771758358003619370120652752158720.000000 70826972616448992639898136466161664.000000 
262560574910398460892822840469880832.000000 49694852763425158159533337334513664.000000 98772106467383284631373354316595200.000000 
358734105223621523315151240114995200.000000 68039379641248191021939393436844032.000000 135265802458681251504386436067491840.000000 
489240053649122503933986709845311488.000000 92954153958656528215902554075168768.000000 184711684044032572168319282404392960.000000 
666540191384078745083766149232984064.000000 126994728970246294608392191515557888.000000 252170011432739263434804317986488320.000000 
906729883716484033209061792693616640.000000 173518916392054522380618367810666496.000000 344168233692399941528457497846743040.000000 
1230758641132981554787874075979022336.000000 237127530227054970933528549126045696.000000 469558844737508364678430651834171392.000000 
1665309656437001841575731267758981120.000000 324126867740210437921148731377319936.000000 640343335522540376645440430667726848.000000 
2243377879755323725937483223689854976.000000 443123394888629855068335685603688448.000000 872795119426167852704256714640195584.000000 
3004250797084727807707196045647675392.000000 605696334900250526101939304817229824.000000 1189058931357667024236222615130210304.000000 
3992646993773196777082813454632353792.000000 826907545101330935480810007315873792.000000 1619552225168150478095727654632161280.000000 
5256878895350236493777527433064349696.000000 1125113846412599806896072655009480704.000000 2206582656561687183407852882250170368.000000 
6845619426464458009704069892294049792.000000 1520416368881184561370417468454993920.000000 3008862196075519153717332343829561344.000000 
8801923328307406338891855241173532672.000000 2031600096156388538563180351327305728.000000 4103588372888507116568662602042834944.000000 
11152947530727904095712446716022095872.000000 2672397992287514625373575618016313344.000000 5577716322663651769285565281378238464.000000 
13896671430583133790758718581541699584.000000 3447671602465835892091587260678406144.000000 7499277168058395812784624307655409664.000000 
16990390630030286061446496128962920448.000000 4348501813205712899456521394135760896.000000 9871427430699640373356978566896549888.000000 
20344550001369904252920627363493969920.000000 5346549115105054759084058330733215744.000000 12592251677805205998321672385722318848.000000 
23823778877546978055802903548013838336.000000 6392579527859281557018546217915777024.000000 15456823486522866679539000551980138496.000000 
27252820695458919919175942094129725440.000000 7423629754510051468293601315791044608.000000 18222015002705512712841297031092764672.000000 
30420737489983397471773659426168242176.000000 8374850300572741155625802728795537408.000000 20692096815576266791620325337582272512.000000 
33091588899778466022853298716363718656.000000 9185421679526810841291645370352271360.000000 22740924413153505363006819029290582016.000000 
35021696613617626701844356501352742912.000000 9794784515344115624639139949880279040.000000 24259502200534672194723161133476216832.000000 
35973385257692012695149067413210791936.000000 10138746560584993764021138517437448192.000000 25112630163261927560634909735264452608.000000 
35750976642834988232994181801656188928.000000 10158945735521094972094747372354011136.000000 25162732717851038370488448978438324224.000000 
34245182977772299519886040784680517632.000000 9817210705990860339888713324786876416.000000 24316289404059489742214495091006898176.000000 
31451357250823997979569162977688944640.000000 9102379160702675586838627203560767488.000000 22545720228230167889114626080955695104.000000 
27512331068157627262647165982754209792.000000 8043346048459754154796569648330440704.000000 19922596774514747281866276181645459456.000000 
22738347910605293629126791622123585536.000000 6718832303727206336188683154666553344.000000 16641903254724910198305704793788645376.000000 
17638014687041783847627856428518080512.000000 5269912116096517745036893596281733120.000000 13053066906928063873395816958418485248.000000 
12716405108591732110220942934701768704.000000 3842477299267961910735244607161892864.000000 9517447762079221467448074135868014592.000000 
8424817520103316651800774237982031872.000000 2575999071252513584623057103505850368.000000 6380502651370550539317024095050137600.000000 
5080453014529782600988241257201401856.000000 1573321844726359825319153791286640640.000000 3896967321830105728721354519266459648.000000 
2743304078286132880170391382450503680.000000 860979999381625286679915406683013120.000000 2132564887207203318028677893951848448.000000 
1298871793918857104858465830986317824.000000 413371400290380853680074008612044800.000000 1023881314627612424531201110252191744.000000 
524828032237802363724780078360428544.000000 169507054193790172183286563106455552.000000 419852716865933565323565494381314048.000000 
174679557409395284210221250414379008.000000 57333701168770324013429230342766592.000000 142010079274739948444194666297950208.000000 
45928197911432791584582387904806912.000000 15360475741068641688025745806327808.000000 38046425282501298869573159604977664.000000 
9156844273227588363318879443746816.000000 3132837354531133122790826197385216.000000 7759737676139541022335790940684288.000000 
1332920680113194769199202752790528.000000 467977545184922319586348440223744.000000 1159135498594122311965921836531712.000000 
134656903140849397740743061143552.000000 48472957998707684226000972939264.000000 120062868221511944314803911131136.000000 
8582841600652999012144199499776.000000 3150256210389048688171613683712.000000 7802882511564981031899387396096.000000 
290186730404926506330237173760.000000 107797730158848046303329386496.000000 267004639390584190507224662016.000000 
3984637608490889464279728128.000000 1488506056726307838541955072.000000 3686886749111075493354930176.000000 
15450511979909053316857856.000000 5781968076884621794476032.000000 14321380413683338938679296.000000 
10781899590151199260672.000000 4036261606505810755584.000000 9997432906454256320512.000000 
774790882198153728.000000 290058099938197312.000000 718446095870410624.000000 
2806394061501.158203 1050630504532.094727 2602311000259.165039 

6131696505629720236834912510935040.000000 2848153383942652052132682230923264.000000 -2085175730850163916188423232159744.000000 
8684396062035779112241777633918976.000000 4110220098354653814973418828726272.000000 -2972595889880235376387731337773056.000000 
12013769260726339657964569919225856.000000 5721011159395253881770941448454144.000000 -4124975617968786957294087801143296.000000 
16406307557769520807612727743741952.000000 7832454081225354540615438369292288.000000 -5637057192611705760568622941470720.000000 
22359831377108353295897035894947840.000000 10704031199800322287809278251106304.000000 -7686288346928813546507308015550464.000000 
30431165952342225152931366367657984.000000 14631411496644702665833965638647808.000000 -10467343730661939871564392520744960.000000 
41331341505723464309288422493650944.000000 20007059284290231071430760464384000.000000 -14227657428596090963076878566424576.000000 
55970026688731401906014105527910400.000000 27371897169907853271496387083632640.000000 -19283702916137502655854110121656320.000000 
75479927236236952168960474449182720.000000 37470793729222983422213236268728320.000000 -26027355396550749161833265797005312.000000 
101225729045783446108642487306289152.000000 51318740931935518876515905952546816.000000 -34923103688033091590373521550737408.000000 
134797820172568387560543257572147200.000000 70258546072550594701132712386756608.000000 -46494854173261988392651350916202496.000000 
178006235454968027315147612878798848.000000 95958315752795662377745633035419648.000000 -61311785615026489936777471774949376.000000 
232885543615561947018870788370464768.000000 130266978179827852705077844380745728.000000 -79992491126816042636215071971213312.000000 
301633837099493317231165146943979520.000000 174878004237953429899695393486143488.000000 -103222133194710365002165148255780864.000000 
386255018351294094191149310753636352.000000 230881149904625110816108123749613568.000000 -131699533528177687985074925809434624.000000 
487696965412261580343308569213403136.000000 298379535658986903800887223267622912.000000 -165890619426644635709253257120448512.000000 
604721892936873363538850969997541376.000000 376199914343661057997703968351846400.000000 -205619657902153976103092204546818048.000000 
733143390680129308080318966132637696.000000 461542893645168383457767634757484544.000000 -249745044551925757900668733594009600.000000 
865783714738316911989273782703357952.000000 549733390600951426005155710538612736.000000 -296048212482882390093182788914118656.000000 
993131000503454678289756196677091328.000000 634654155424995877503102249825468416.000000 -341265840432345049106594683420672000.000000 
1104508055182825995862134852616716288.000000 709614749686488261886751894038118400.000000 -381476055845140073579846888413200384.000000 
1189213385296951746428816921676742656.000000 767826931340651234448714791917715456.000000 -412761614223167084843820700875620352.000000 
1237583292401627234597965744482287616.000000 802966200952451909568269364739702784.000000 -431651192386115301152465290277158912.000000 
1242185451846444461161806237513285632.000000 810047235846687305143078470421577728.000000 -435457746749567785527541234873139200.000000 
1198909204435813088625748524616646656.000000 786190601617964381775368179758923776.000000 -422633116610905579265908801418559488.000000 
1107558686751278991773485010117459968.000000 730918167863808917554462411500552192.000000 -392920269761658757144889941876015104.000000 
972324976230705349245326361110773760.000000 646348466650664552927296777351069696.000000 -347458067185072977099687672659574784.000000 
804237094312300090760294387494682624.000000 538980521156714900156801376157958144.000000 -289740194019415717508260084070744064.000000 
621692279067792941042353668861460480.000000 420405261682465271221666224508239872.000000 -225997596026746684154391628693372928.000000 
445414057197659386593893644324831232.000000 304202115977663217463463175176323072.000000 -163530177148753262136294683436908544.000000 
293350553567671810128373856333725696.000000 202591497996467221088082429827088384.000000 -108907275183536908652054427734114304.000000 
174301839383586186104425220543610880.000000 121835285390905386162749725263003648.000000 -65495092757364723357674678012346368.000000 
91544505664778797907379135019220992.000000 64821698848500948944010224525639680.000000 -34846252997651234793038979207790592.000000 
41417776304275606964514899737182208.000000 29738229090015305666873494209560576.000000 -15986403827439178066823283120013312.000000 
15551675292262546481379290441056256.000000 11332828565950529179888689010966528.000000 -6092197804181024277840724559396864.000000 
4626010573889131264912708006313984.000000 3424363183123805797855860795375616.000000 -1840837681743880645191463145046016.000000 
1020069401120565900102843838234624.000000 767499792905714270875371345805312.000000 -412585483477434824410771182583808.000000 
153552214794435400418001395122176.000000 117536457839685924801442333327360.000000 -63184168559077805410440955559936.000000 
14284169646497945822614370910208.000000 11144387019730281747069397893120.000000 -5990897130000823353646124105728.000000 
727590507963954933208249794560.000000 580480418101508526867839188992.000000 -312049327133846141491551928320.000000 
17622412601356255378800640000.000000 14429414545987590136409358336.000000 -7756832030160534697964208128.000000 
170011163981037046304079872.000000 142994543567093610020077568.000000 -76869692262590808745574400.000000 
510800231528311539367936.000000 439320410871758248214528.000000 -236165828051626329374720.000000 
312782982395264565248.000000 272865213450551721984.000000 -146684373150703403008.000000 
23003683907101356.000000 20206073049943976.000000 -10862195007153120.000000 
91559292216.629990 80604614126.241104 -43330687509.218292 
1881019.689588 1656732.933078 -890611.260753 
135.170699 119.057894 -64.002048 
0.000490 0.000431 -0.000232 
0.000000 0.000000 -0.000000 

473727604901137205579004464070656.000000 22522313589071747042348997017600.000000 121816058694590731328994309832704.000000 
652155935903676062922040600952832.000000 34063747008865360880925038084096.000000 165873886571793754228749919846400.000000 
888188658690090371328668579397632.000000 47647467646109088408178717097984.000000 225421410768861564076448225951744.000000 
1206261729589311048447973832785920.000000 66737753509844412036027623931904.000000 305512654887884621652965401296896.000000 
1632468410752357389395296977420288.000000 94869603979762616222460546121728.000000 411839801351431290960493995360256.000000 
2197571930446634526496633204506624.000000 137726186256989941395630292205568.000000 550433448139694326702720424083456.000000 
2935210993405441797025137950720000.000000 205495288145747260767893528248320.000000 725774311932646356308897002684416.000000 
3876539880236837368684311589421056.000000 316513250997690704537259798953984.000000 936882438928594562902656435617792.000000 
5040420736103218564073101906149376.000000 502879876284862775727385105924096.000000 1170184669434836617475288912101376.000000 
6420250902337307316771255723491328.000000 817202900905195802934412838961152.000000 1389081424019488414602762597171200.000000 
7974107382463555661058369885569024.000000 1336385673524230997814261552513024.000000 1523797350876914222433828327129088.000000 
9631367274879099746437253583339520.000000 2154463981554177848525925709250560.000000 1471235876985394088707606636920832.000000 
11325898698728486279630954365452288.000000 3358172964904140023596158078156800.000000 1117237953836000167431142222331904.000000 
13043600401875865887370564903895040.000000 4991972878339374797084696118296576.000000 382846021079005857427881925279744.000000 
14845870918258275120374240084230144.000000 7032664109204079229695867347795968.000000 -725839012499894718487715920216064.000000 
16839097968638987629273887967019008.000000 9382087379799871842409293161693184.000000 -2093325850050895263727501629718528.000000 
19096537898894848530053659258519552.000000 11863769584777431863093334233841664.000000 -3511129137523011930804187859779584.000000 
21558085666361304633384440254431232.000000 14235116727087851849816427529764864.000000 -4747266013854698010935785374613504.000000 
23966489389005838602991746297102336.000000 16258672674064486955912390600818688.000000 -5663520038462301576385785875136512.000000 
25927870315974762682198386548932608.000000 17767857035085153958403658211131392.000000 -6260909419546348885096330573119488.000000 
27077987106392637069767591382220800.000000 18644366880001181837235544238587904.000000 -6582452151718322737042862045659136.000000 
27197863826091783107866282845798400.000000 18799512001107574396453017528303616.000000 -6638448632333261230610678827450368.000000 
26209986010256614369471219284049920.000000 18192978780612884286131962105561088.000000 -6424328185240042740429878659645440.000000 
24138750780531022091192902164152320.000000 16840026302739764813178876819668992.000000 -5946572929163152862363572863238144.000000 
21087588983359435703152492991741952.000000 14801834694123494731901066914299904.000000 -5226843948770256740462439211991040.000000 
17289221911069157221386858981752832.000000 12223234060299966974990938621870080.000000 -4316284994581082264877670965706752.000000 
13157925717653696253375920180559872.000000 9378625490865704739880724775043072.000000 -3311792957274505173863987656261632.000000 
9201327157596829289725447014187008.000000 6618469412614074484470932393951232.000000 -2337122898230661963282494466818048.000000 
5844268255247704713644716278677504.000000 4246730742372128377863616709263360.000000 -1499611321267390194581631271960576.000000 
3313285208310191053771561104310272.000000 2434851948601283177287704652021760.000000 -859798223443028719939401583427584.000000 
1637199238793925451767055361507328.000000 1218077823217900876527263482380288.000000 -430129293495537396586605958922240.000000 
682428915749817759089090845736960.000000 514608907734853097019987013402624.000000 -181719395666975981644711605567488.000000 
229520124679708779753816975212544.000000 175612935352799119108527173402624.000000 -62012677985078418593887555682304.000000 
58764950620847092765485365723136.000000 45663419853876534648626391023616.000000 -16124728770162016876688473849856.000000 
10619845991055607778856423915520.000000 8386377525280225804080709107712.000000 -2961409009488505517472309313536.000000 
1229304606645244131581643194368.000000 987123444120475155722030546944.000000 -348574369813862858951858585600.000000 
80426031682537023433540108288.000000 65727700133764729381750571008.000000 -23209854643717058828655656960.000000 
2529833104928152358733479936.000000 2107974457433491156806664192.000000 -744370800288601449452011520.000000 
31167851554717028677844992.000000 26563873317648991810224128.000000 -9380270985018461216833536.000000 
117053007297935250030592.000000 102430162005837005979648.000000 -36170277774052030414848.000000 
98148342704130113536.000000 88279141695889440768.000000 -31173250283576254464.000000 
11946940689956030.000000 10993798194807454.000000 -3882144933788129.500000 
113607648532.978699 106084970512.312820 -37460868712.321426 
35232.739627 33130.222663 -11698.989174 
0.000116 0.000109 -0.000039 
0.000000 0.000000 -0.000000 
0.000000 0.000000 -0.000000 
0.000000 0.000000 -0.000000 
0.000000 0.000000 -0.000000 
0.000000 0.000000 0.000000 

1201165756127266201807883430002688.000000 134609675438330957362153492840448.000000 350532807703111553045346172010496.000000 
1654410809341182913526756043390976.000000 187195653070069760275817162604544.000000 490925426331128473218220046680064.000000 
2259507695687020003562573061423104.000000 256763469357727099153686951100416.000000 673007693151668199299399542636544.000000 
3080116574461812294579081023848448.000000 351827102363807459517225077047296.000000 919906279058656031862040276500480.000000 
4193291464942635971480734973034496.000000 482994984368045214067283472678912.000000 1257873942837542051917173348106240.000000 
5697779100800198113388861994303488.000000 665006709806577372816957648142336.000000 1721256643953675843858854494339072.000000 
7720125002042787902122401265090560.000000 919533945981978319635186949554176.000000 2358082169699289742667182248034304.000000 
10417670104585540317656581509480448.000000 1278945862868220024394114100363264.000000 3236269362966438283096632229625856.000000 
13977905283159490854524747360763904.000000 1791652771150100659367509567209472.000000 4452905429905079474020110244511744.000000 
18612044221448299224163573217361920.000000 2528003127723371939809758925553664.000000 6147771133322652212422268680142848.000000 
24542365854496035409721598129733632.000000 3582306215818047815392015866134528.000000 8521551917237760117267461996281856.000000 
31986547847282710656248989467279360.000000 5061489872984987295323338991206400.000000 11856574751100508205032347229224960.000000 
41144063948943965516886565145542656.000000 7050298453279514450056745895067648.000000 16532045380049269689872613891899392.000000 
52183399514916908092972792434130944.000000 9558504295733788459835294251745280.000000 23015031420262733246619615808716800.000000 
65217115383675510021068172600279040.000000 12486714344580929154900728263737344.000000 31794142321548261874745911967481856.000000 
80251587111720145697258865847959552.000000 15658883720949767680295485109698560.000000 43219756707798669196578952698658816.000000 
97114689638140945887558080644775936.000000 18920154562050071292440054356508672.000000 57258724262775619568498999172268032.000000 
115383767830954768743614880967294976.000000 22216718418100212677785803319934976.000000 73279469041402826906241487096250368.000000 
134349944358794741747806222438891520.000000 25568822346663029354590017186430976.000000 90070344295502378381101151952044032.000000 
153037737389234652748010204541485056.000000 28957651396618537532776305683070976.000000 106198912086852817423672606967463936.000000 
170255707437095356717487323340603392.000000 32235083398431652541885336111808512.000000 120490325583918764436865387839094784.000000 
184663125383292954543847808807469056.000000 35128532462704498925484739005513728.000000 132174176038875516541433669560041472.000000 
194852279558799107716363507017449472.000000 37313105332464097770227995118665728.000000 140611599747445944841488256445972480.000000 
199459570430469174664949291892604928.000000 38480267258889184022052936334966784.000000 145042287166286535037660504373854208.000000 
197406364024089351266320195885465600.000000 38390400790979982645391707634401280.000000 144706031348614177239101077874278400.000000 
188129637801850618944328602920943616.000000 36903218909647059432582168751112192.000000 139100430637660541555408055276929024.000000 
171662308450578374321213926142902272.000000 33986696592586108660768719283159040.000000 128107094499134002466155063169515520.000000 
148813362107746296653916416312868864.000000 29750896604927584283247851742429184.000000 112140964110135138790940147187712000.000000 
116574454500330816020620670882807808.000000 23448873262005582902316382728224768.000000 88386554859732983184760361478782976.000000 
89778383152754149713433575919976448.000000 18264671911872588741774332066267136.000000 68845586220532744540645467585773568.000000 
64550221564293906629779203490316288.000000 13292110478642823568612057164021760.000000 50102358390319995454933599439028224.000000 
42457603109314584026768722146361344.000000 8854007646375555341489185558102016.000000 33373681704053641716490265220349952.000000 
25435043752397747898108188762832896.000000 5375892247069888942540579928014848.000000 20263514997351970920243738376667136.000000 
13116209726385137716241668207804416.000000 2806218567392850779805234459836416.000000 10577565437106005059064808742060032.000000 
6157406745434301226528300639191040.000000 1337372784300529959924485322702848.000000 5041000121699769075986183254704128.000000 
2449063059849760970391305668526080.000000 540328984478660966206647627153408.000000 2036678560001831377507327903006720.000000 
782275274780194412144949194653696.000000 175457793138403237664462823489536.000000 661358423729599266391342155038720.000000 
196921727700540728451408446095360.000000 45003804547744307312285452337152.000000 169634216327189391978796096159744.000000 
35834728006606198262708922482688.000000 8372354660253125614693148262400.000000 31558172378484304549762373255168.000000 
4627785460995942785799220625408.000000 1109093820999930117517052215296.000000 4180541246441822280453925634048.000000 
397703388955294546968388304896.000000 97778869725600829550811414528.000000 368560882928552290920519696384.000000 
22364830184604692066418556928.000000 5614521657267379360698990592.000000 21162988128529708582434766848.000000 
586608751742417552766140416.000000 149175909281341011270828032.000000 562293315423807778202845184.000000 
6935481039469271389831168.000000 1774416712047307666751488.000000 6688363159756457455386624.000000 
22837275418077431857152.000000 5853813793314756886528.000000 22064959292514135703552.000000 
15054993298371536896.000000 3860372979676561408.000000 14551021890679531520.000000 
1081856813968808.250000 277418205433689.125000 1045680922903168.500000 
3918627087.483116 1004847060.651942 3787600745.655528 
281.664312 72.226716 272.246370 
0.000000 0.000000 0.000000 

1753813628145127802430599108493312.000000 632693502628559429648632361517056.000000 146655261888793997702825397714944.000000 
2415460977028420671694363355512832.000000 881266960357189598216663892754432.000000 206518502868800536794733960232960.000000 
3297405026463471578374150597640192.000000 1206844166914957616462658780790784.000000 283964167069809519380278793994240.000000 
4492305739630389727251271367262208.000000 1649077172229358468175227521073152.000000 389935083527758592215960560599040.000000 
6110105776782193674776823189209088.000000 2253766900332999472785686140026880.000000 537201182522144818375674434682880.000000 
8290136375007199332014927200124928.000000 3081339829301033350254698231234560.000000 743811760101459482368435663405056.000000 
11207478529723803652162177577517056.000000 4215454870999962559354846245289984.000000 1037423898182007352118954413785088.000000 
15073328368634904138319166730928128.000000 5772850899054570231616447855984640.000000 1461326167107239805306642706202624.000000 
20128011764669655670546569946464256.000000 7917718185412376865964116271955968.000000 2083463070690350225187569435410432.000000 
26624371063925990544689858827255808.000000 10881765087291599984262373833703424.000000 3007515825214020468233308102197248.000000 
34804570050027793079341398982918144.000000 14987768562293031365675245308477440.000000 4380641311840084765395041193558016.000000 
44882135289257734773605489126146048.000000 20663374343375146489501339829141504.000000 6386229183695452110501824562200576.000000 
57042927149577289299247147461378048.000000 28411483016792226107641419337302016.000000 9209456703407812796464170641915904.000000 
71459174135793461688952957794516992.000000 38691901596072904947958879963054080.000000 12978059213914759346961635627499520.000000 
88278752070252257750732420967038976.000000 51708964939019637238072282600964096.000000 17703319769163264280399762383962112.000000 
107547925661732344530780952295636992.000000 67206842727872325144148900986224640.000000 23250063975712239994327147573411840.000000 
129059949885457250382478347142692864.000000 84443654668899548408629387623137280.000000 29349860813412027953018042000080896.000000 
152174737923030290696048075369086976.000000 102405517310586394286326279842037760.000000 35661280955070310423550630077399040.000000 
175725325088048408283719442240634880.000000 120091411186076490707258652609216512.000000 41849667024469677134980401070080000.000000 
198099619393234822268365375650398208.000000 136586461803091782746594011496054784.000000 47607813543750810186634561648066560.000000 
217432647684888797152313924676222976.000000 150894917900450035521733807579332608.000000 52597393251455395866136237970554880.000000 
231814246511674831299346604905988096.000000 161846503297982956835680865468022784.000000 56415115413095733331458248711077888.000000 
239471279353297617316096487687454720.000000 168217919663013600865667161123717120.000000 58636037500075745837083553960034304.000000 
238963585514126270968743805275078656.000000 168948537032951467054826854593593344.000000 58890711158128457070529146852999168.000000 
229462779767501556880484062180933632.000000 163371931117250725310495523063463936.000000 56946863096113946416278990091190272.000000 
210904249953337052987050039133077504.000000 151316170560310654179302994138365952.000000 52744563831745782916489395948224512.000000 
184190001340594526727532401286709248.000000 133256519609741686506296103695024128.000000 46449477134705207815957804241387520.000000 
151536981430899959126066969626804224.000000 110601494397054061668472478958092288.000000 38552572137600846168386578753257472.000000 
115468534371014721205087557952471040.000000 84994094037817985924670293033353216.000000 29626552150368480876501202035015680.000000 
83511056424729955085486610037342208.000000 62165064302871684009684288508264448.000000 21668994067759119283171622761005056.000000 
55632282975534335990447314867060736.000000 41918549905528079087544408540708864.000000 14611628241973713921367461920243712.000000 
33472688552078939470908170885398528.000000 25545516097714535537335955535953920.000000 8904448873121335473313297442275328.000000 
17953817850727340478072497205411840.000000 13888669475355452329098418998738944.000000 4841199793573477580437932780552192.000000 
8265438443083085095376017093033984.000000 6481541106103789057697110307110912.000000 2259283045117221229305680690675712.000000 
3261663559391730082860214167535616.000000 2597400416107733739244798653497344.000000 905380776798031100651072995196928.000000 
1037499205354832369327719873249280.000000 839589440781537574944763889582080.000000 292657279706343135151006756634624.000000 
249284215095714915121902936653824.000000 205162050891334714419105878769664.000000 71513724204227381960397425737728.000000 
42803928104483720731825769807872.000000 35897213903511338047366743719936.000000 12512759760602939357623551524864.000000 
4782900021183488710070937583616.000000 4100298919571483380386044575744.000000 1429248951329874629480312471552.000000 
324265319378731344665239355392.000000 285143444693516027137376649216.000000 99392989950446692505242042368.000000 
11935383698928254567969718272.000000 10772398385224156570418413568.000000 3754955284332860042282795008.000000 
215259447948382398494801920.000000 198586835496228851493634048.000000 69221788934979905359183872.000000 
1266828329114799412609024.000000 1184936189466834353782784.000000 413035449221658850623488.000000 
1923866927096211439616.000000 1811747522975163219968.000000 631524261542709428224.000000 
501560202617387904.000000 473394037964896448.000000 165011855379035008.000000 
137126547533178.656250 129480419624510.000000 45133234819236.859375 
9853959207.064798 9304858841.396753 3243412249.253446 
35692.330971 33703.484030 11748.087189 
0.002566 0.002423 0.000844 
0.000000 0.000000 0.000000 

17369360244124461213129539137306624.000000 3641628837413160686258526571462656.000000 -11017595845010376777907223515889664.000000 
24564432141794804738948108065439744.000000 5181598339186547286384958393810944.000000 -15727737495525953169753361164009472.000000 
33884636713290317620730452305248256.000000 7162139538116529660728566444195840.000000 -21769454367535770236990887053754368.000000 
46297484777536237823653434819084288.000000 9789388319339976672486941863706624.000000 -29771168195022925886312201708371968.000000 
63142563209921226377129396539490304.000000 13349859405871958136118790993215488.000000 -40629124141636293530129853589749760.000000 
86031290187671702202145673593225216.000000 18184357426066324869960182760734720.000000 -55408957685643610165990976443645952.000000 
117047807707281119860423327228100608.000000 24726973257334417002053775923347456.000000 -75488874744779017647251646559813632.000000 
158912571342626181340678325079638016.000000 33537225266048681582079130137001984.000000 -102689633069437392547660189197664256.000000 
215109317292352770400322246145998848.000000 45317846634828199291894782819827712.000000 -139379519340794371098360802717990912.000000 
289989029433897500434379339305320448.000000 60924161434209799282255346301665280.000000 -188571879562352911743990025143975936.000000 
388824194962832051305064849653891072.000000 81368864909297124426331450219954176.000000 -253992654584301976471227736067670016.000000 
517783393648779322430735052747833344.000000 107843484362703757951052993529905152.000000 -340087296755860870453431566273085440.000000 
683759398400185699205960836216520704.000000 141780169404291692472175369618718720.000000 -451913653851519490653241457606918144.000000 
893842105286271880463414654998151168.000000 184898056627131432889406346101784576.000000 -594787409606094678940039983453437952.000000 
1154055797613552090510489120764067840.000000 239014764903187624167804653950468096.000000 -773432713375775775746781581513064448.000000 
1467205134737203719129411024549052416.000000 305402176718142757094397355235475456.000000 -990494962240404646570140802503147520.000000 
1830673201370477722595832012549914624.000000 383934136490368250587772878378237952.000000 -1244911731230135401850011151562178560.000000 
2235805991810741251121063440290938880.000000 472754853721236173948372324236394496.000000 -1531302682790175408076808255807946752.000000 
2669160411736301802045151331154395136.000000 568744001952511957554824056722685952.000000 -1840765913819677080365382296273944576.000000 
3113595231730153321709586157846659072.000000 668109047326711475285982408473575424.000000 -2161697477226777045991450955885838336.000000 
3548094781140270443470109447322337280.000000 766438950682941309443726653247193088.000000 -2479692013803321371990036577028931584.000000 
3947282241659467335392361473764229120.000000 858373523167255201244605687107944448.000000 -2777114418081993877683510964293468160.000000 
4281557699357657247437343131950907392.000000 937458957970333229700813476681744384.000000 -3032980391599086237230839159926554624.000000 
4518670035707853850201677957097848832.000000 996451980416352740190187721135751168.000000 -3223841723611839571788113649525063680.000000 
4626849979254705993694088664069439488.000000 1028004236888223338490341721903202304.000000 -3325923392169850334825218683084734464.000000 
4580879172457370035705440176340729856.000000 1025995373732467727229154867856539648.000000 -3319424075608954833324907018980425728.000000 
4367553355141970293262284866258468864.000000 986704993261537453103561693500276736.000000 -3192307094174057816834043137358823424.000000 
3987496134072709076181525349743460352.000000 909252672575889615383724679650869248.000000 -2941723997429252406646137277892263936.000000 
3459374967114335014052715006875664384.000000 796561323499664954998879723613847552.000000 -2577131342517326691159089766981435392.000000 
2716287062096881196171304935467515904.000000 629410876820997909318785995561238528.000000 -2036346041570506656063030109208051712.000000 
2093326892572163443174850820055236608.000000 490583814744544768066774094518943744.000000 -1587195973255676707264145277346381824.000000 
1505927454683559537692546146368487424.000000 357206838475289031299287218579832832.000000 -1155678680395507118002803057893572608.000000 
991333571499864321851194031401336832.000000 238126679374593690915575573472346112.000000 -770416176132731239775170135161044992.000000 
594425783312219564999694593690697728.000000 144712532502418657591130625706819584.000000 -468191452641119126791738538921558016.000000 
307241848606141622993420557442088960.000000 75717700655848216285197290692411392.000000 -244971044647528958851953861349867520.000000 
144470174184090427972131988611006464.000000 36142772615475136345570500665147392.000000 -116933460569727364842026636708675584.000000 
57571219760008447516095195589378048.000000 14629600948505505181501278212063232.000000 -47331450850852944743874826665459712.000000 
18451908833464227228509768838545408.000000 4766678949980692562470151957512192.000000 -15421735099743379991113153416003584.000000 
4663598651043561137126347196334080.000000 1227551111159963616602183016906752.000000 -3971521526068223984647977360687104.000000 
854522431449216669317441356038144.000000 229957173929096437745008181772288.000000 -743985206017389297521725718659072.000000 
111389086958268831358897839144960.000000 30749140261859561158672992174080.000000 -99483330142293865361615460761600.000000 
9696667116484840735764406861824.000000 2745971895764008412010424303616.000000 -8884099729012418858494212440064.000000 
552155008033949183596568772608.000000 159645894145433280922215514112.000000 -516505666756204673171586023424.000000 
14797240390965790859077877760.000000 4333663221715399331746414592.000000 -14020790348606560184538497024.000000 
177990664462617140472578048.000000 52442560309764546547941376.000000 -169668501180005108246642688.000000 
595838311015231558516736.000000 175884135695895911989248.000000 -569041585853062675693568.000000 
394927949534923849728.000000 116619167015630176256.000000 -377300405615751528448.000000 
28379653498570632.000000 8380609905563690.000000 -27113960745858944.000000 
102794822287.905960 30355726715.596310 -98210511150.541336 
7388.718615 2181.918573 -7059.206335 

