9.778516     0.000000    -11.118217   0.038270    54682.65486    56139.94861
10.778516     0.000000    -11.450431   0.095500    54682.65486    56139.94861
8.778516     0.000000    -10.959817   0.020609    54682.65486    56139.94861
9.301394     0.000000    -11.061481   0.025982    54682.65486    56139.94861
8.301394     0.000000    -11.019080   0.039539    54682.65486    56139.94861
9.000364     0.000000    -11.403725   0.155772    54773.8    54804.1
9.000364     0.000000    -11.317847   0.167059    54864.9    54895.2
9.000364     0.000000    -11.247151   0.144336    54895.2    54925.6
9.000364     0.000000    -10.967067   0.084326    54925.6    54956.0
9.000364     0.000000    -11.177154   0.126992    54956.0    54986.4
9.000364     0.000000    -11.211641   0.104250    54986.4    55016.7
9.000364     0.000000    -11.179648   0.117843    55016.7    55047.1
9.000364     0.000000    -11.195782   0.109541    55047.1    55077.5
9.000364     0.000000    -11.134558   0.129978    55077.5    55107.8
9.000364     0.000000    -11.318994   0.176921    55168.6    55198.9
9.000364     0.000000    -11.074972   0.104832    55198.9    55229.3
9.000364     0.000000    -11.205404   0.143914    55229.3    55259.7
9.000364     0.000000    -11.399556   0.209983    55259.7    55290.1
9.000364     0.000000    -11.212539   0.137493    55290.1    55320.4
9.000364     0.000000    -11.284762   0.154910    55320.4    55350.8
9.000364     0.000000    -11.286891   0.144936    55350.8    55381.2
9.000364     0.000000    -11.155334   0.132433    55381.2    55409.0
9.778516     0.000000    -11.393173   0.079763    54682.65486    55409.05347
8.778516     0.000000    -11.213952   0.044492    54682.65486    55409.05347
9.301394     0.000000    -11.306179   0.056448    54682.65486    55409.05347
8.301394     0.000000    -11.246123   0.086555    54682.65486    55409.05347
9.778516     0.000000    -11.443560   0.117419    54682.65486    55016.61944
8.778516     0.000000    -11.323738   0.076315    54682.65486    55016.61944
9.301394     0.000000    -11.380566   0.089366    54682.65486    55016.61944
8.301394     0.000000    -11.147718   0.116733    54682.65486    55016.61944
10.963684     0.000000    -11.593447   0.161287    54682.0    57116.0
11.499642     0.000000    -11.788793   0.373305    54682.0    57116.0
3.650375     0.000000    -11.714897   0.018760    55260.002269    55886.394213
3.150448     0.000000    -11.535677   0.012435    55260.002269    55886.394213
3.238556     0.000000    -11.563720   0.007793    55260.002269    55886.394213
2.738765     0.000000    -11.549434   0.011942    55260.002269    55886.394213
3.650375     0.000000    -11.792016   0.057870    55360.647755    55360.720104
3.650375     0.000000    -11.983421   0.106814    55260.002326    55261.004583
3.650375     0.000000    -11.864707   0.044497    55592.654155    55592.802245
3.650375     0.000000    -11.786323   0.037380    55589.965544    55590.173565
3.650375     0.000000    -11.737477   0.036607    55595.732141    55595.999954
3.650375     0.000000    -11.895672   0.043717    55586.844745    55587.095648
3.650375     0.000000    -12.360162   0.146738    55886.383345    55886.39441
3.000005     0.000000    -11.476826   0.028299    55360.647755    55360.720104
3.000005     0.000000    -11.511713   0.044777    55260.002326    55261.004583
3.000005     0.000000    -11.386131   0.018180    55592.654155    55592.802245
3.000005     0.000000    -11.340103   0.015781    55589.965544    55590.173565
3.000005     0.000000    -11.334421   0.016008    55595.732141    55595.999954
3.000005     0.000000    -11.432049   0.018231    55586.844745    55587.095648
3.000005     0.000000    -11.374154   0.045088    55886.383345    55886.39441
3.301035     0.000000    -11.609084   0.025728    55360.647755    55360.720104
3.301035     0.000000    -11.718546   0.042160    55260.002326    55261.004583
3.301035     0.000000    -11.591363   0.017795    55592.654155    55592.802245
3.301035     0.000000    -11.523779   0.015169    55589.965544    55590.173565
3.301035     0.000000    -11.501234   0.015423    55595.732141    55595.999954
3.301035     0.000000    -11.623080   0.017381    55586.844745    55587.095648
3.301035     0.000000    -11.716327   0.043575    55886.383345    55886.39441
0.785341     0.000000    -10.893547   0.005151    55260.000602    55260.000602
0.549175     0.000000    -10.682356   0.002034    55260.000602    55260.000602
0.549175     0.000000    -10.549043   0.001245    55360.647743    55360.647743
0.903005     0.000000    -11.380621   0.057999 0.0   0.0
-1.248955     0.000000    -10.554567   0.018204    55215.4943505    55404.4704789
-0.985859     0.000000    -10.592089   0.009137    55215.4943505    55404.4704789
-0.569403     0.000000    -10.317005   0.010319    55215.4943505    55582.01248508
-0.438130     0.000000    -10.299573   0.011275    55215.4943505    55582.01248508
-3.046991     0.000000    -11.627975   0.017560 0.0   0.0
-3.228115     0.000000    -11.827396   0.015869 0.0   0.0
-3.383451     0.000000    -11.913430   0.023506 0.0   0.0
-3.535878     0.000000    -12.044396   0.040245 0.0   0.0
-3.739012     0.000000    -12.360611   0.073221 0.0   0.0
-3.930133     0.000000    -12.453243   0.035532 0.0   0.0
-2.835676     0.000000    -11.298620   0.000000 0.0   0.0
-2.835676     0.000000    -11.241114   0.078817    55055.5    55527.5
-3.046991     0.000000    -11.574285   0.015891    55055.5    55527.5
-3.228115     0.000000    -11.790282   0.018219    55055.5    55527.5
-3.383451     0.000000    -11.874876   0.024588    55055.5    55527.5
-3.535878     0.000000    -12.025814   0.062390    55055.5    55527.5
-3.739012     0.000000    -12.154108   0.063927    55055.5    55527.5
-3.930133     0.000000    -12.499038   0.046876    55055.5    55527.5
-4.684481     0.000000    -13.744727   0.000000 0.0   0.0
-5.237323     0.000000    -14.417709   0.000000 0.0   0.0
-4.697709     0.000000    -13.753157   0.060035    47083.5    47083.5
-4.697709     0.000000    -13.729927   0.038554    46735.5    47069.5
-2.835676     0.000000    -11.342469   0.049247    55055.5    55354.5
-3.046991     0.000000    -11.649510   0.035484    55055.5    55354.5
-3.383451     0.000000    -11.969889   0.041105    55055.5    55354.5
-3.906330     0.000000    -12.490538   0.044184    55055.5    55354.5
0.287537     0.000000    -10.691244   0.042031 0.0   0.0
0.450206     0.000000    -10.450303   0.042031 0.0   0.0
0.001977     0.000000    -10.987709   0.011759 0.0   0.0
-0.126974     0.000000    -11.003808   0.012171 0.0   0.0
-0.240436     0.000000    -10.982552   0.013407 0.0   0.0
-5.237323     0.000000    -14.359717   0.000000 0.0   0.0
-4.684481     0.000000    -13.716699   0.000000 0.0   0.0
0.906584     0.000000    -11.928118   0.000000 0.0   0.0
0.906584     0.000000    -12.137869   0.000000 0.0   0.0
0.806881     0.000000    -10.221849   0.000000 0.0   0.0
0.750088     0.000000    -10.258848   0.000000 0.0   0.0
0.727139     0.000000    -11.804100   0.000000 0.0   0.0
0.727139     0.000000    -11.950782   0.000000 0.0   0.0
0.677247     0.000000    -10.171340   0.000000 0.0   0.0
0.555569     0.000000    -10.085128   0.000000 0.0   0.0
0.485781     0.000000    -11.066007   0.000000 0.0   0.0
0.485781     0.000000    -10.872895   0.000000 0.0   0.0
0.454768     0.000000    -10.054039   0.000000 0.0   0.0
0.423407     0.000000    -10.069051   0.000000 0.0   0.0
0.356121     0.000000    -10.060481   0.000000 0.0   0.0
0.304078     0.000000    -10.068542   0.000000 0.0   0.0
0.286795     0.000000    -11.009217   0.000000 0.0   0.0
0.286795     0.000000    -10.189096   0.000000 0.0   0.0
0.284002     0.000000    -11.016374   0.000000 0.0   0.0
0.219693     0.000000    -10.072630   0.000000 0.0   0.0
0.205381     0.000000    -11.774691   0.000000 0.0   0.0
0.205381     0.000000    -11.139662   0.000000 0.0   0.0
0.144179     0.000000    -10.036212   0.000000 0.0   0.0
0.002155     0.000000    -11.011441   0.000000 0.0   0.0
0.002155     0.000000    -10.987163   0.000000 0.0   0.0
0.000364     0.000000    -10.100179   0.000000 0.0   0.0
-0.125772     0.000000    -10.158641   0.000000 0.0   0.0
-0.128178     0.000000    -11.002177   0.000000 0.0   0.0
-0.128178     0.000000    -11.018634   0.000000 0.0   0.0
-0.240436     0.000000    -10.093126   0.000000 0.0   0.0
-0.240436     0.000000    -10.987163   0.000000 0.0   0.0
-0.240436     0.000000    -10.991400   0.000000 0.0   0.0
-0.432113     0.000000    -10.289037   0.000000 0.0   0.0
-0.432113     0.000000    -10.289883   0.000000 0.0   0.0
-0.432113     0.000000    -10.302771   0.000000 0.0   0.0
-0.569870     0.000000    -10.314258   0.000000 0.0   0.0
-0.569870     0.000000    -10.305395   0.000000 0.0   0.0
-0.569870     0.000000    -10.316053   0.000000 0.0   0.0
-0.970151     0.000000    -10.537602   0.000000 0.0   0.0
-0.970151     0.000000    -10.542118   0.000000 0.0   0.0
-0.970151     0.000000    -10.600326   0.000000 0.0   0.0
-1.249912     0.000000    -10.552842   0.000000 0.0   0.0
-1.249912     0.000000    -10.548214   0.000000 0.0   0.0
-1.249912     0.000000    -10.665546   0.000000 0.0   0.0
-3.756085     0.000000    -12.193820   0.000000 0.0   0.0
-3.815249     0.000000    -12.580044   0.000000 0.0   0.0
-4.046991     0.000000    -12.435334   0.000000 0.0   0.0
-4.046991     0.000000    -12.555955   0.000000 0.0   0.0
-4.207360     0.000000    -12.913640   0.000000 0.0   0.0
-4.207360     0.000000    -12.935542   0.000000 0.0   0.0
-4.207360     0.000000    -13.038105   0.000000 0.0   0.0
-4.207360     0.000000    -13.038579   0.000000 0.0   0.0
-4.459172     0.000000    -13.522879   0.000000 0.0   0.0
-4.684481     0.000000    -13.275724   0.000000 0.0   0.0
-4.697709     0.000000    -13.752027   0.000000 0.0   0.0
-4.697709     0.000000    -13.756962   0.000000 0.0   0.0
-4.702210     0.000000    -13.336299   0.000000 0.0   0.0
-4.704023     0.000000    -13.962574   0.000000 0.0   0.0
-5.237323     0.000000    -14.350665   0.000000 0.0   0.0
-5.237323     0.000000    -14.350262   0.013045    49231.5    50508.5
-4.697709     0.000000    -13.764642   0.000980 0.0   0.0
-4.456081     0.000000    -13.519232   0.000486    48912.5    48912.5
-4.459172     0.000000    -13.522323   0.000000 0.0   0.0
