3.650375     0.000000    -11.714897   0.018760 
3.150448     0.000000    -11.535677   0.012435 
3.238556     0.000000    -11.563720   0.007793 
2.738765     0.000000    -11.549434   0.011942 
3.650375     0.000000    -11.792016   0.057870 
3.650375     0.000000    -11.983421   0.106814 
3.650375     0.000000    -11.864707   0.044497 
3.650375     0.000000    -11.786323   0.037380 
3.650375     0.000000    -11.737477   0.036607 
3.650375     0.000000    -11.895672   0.043717 
3.650375     0.000000    -12.360162   0.146738
3.000005     0.000000    -11.476826   0.028299 
3.000005     0.000000    -11.511713   0.044777 
3.000005     0.000000    -11.386131   0.018180 
3.000005     0.000000    -11.340103   0.015781 
3.000005     0.000000    -11.334421   0.016008 
3.000005     0.000000    -11.432049   0.018231 
3.000005     0.000000    -11.374154   0.045088
3.301035     0.000000    -11.609084   0.025728 
3.301035     0.000000    -11.718546   0.042160 
3.301035     0.000000    -11.591363   0.017795 
3.301035     0.000000    -11.523779   0.015169 
3.301035     0.000000    -11.501234   0.015423 
3.301035     0.000000    -11.623080   0.017381 
3.301035     0.000000    -11.716327   0.043575