#frequency,efrequency,flux,eflux
2.5211883484466906 nan -10.721990604487145 0.22174645598146392
2.5910636542957217 nan -11.046564373378756 0.16414789496851692
2.633350021208839 nan -11.101956209014954 0.2121010849398437
2.671998566974091 nan -11.163975244775823 0.19107963781616455
2.724197569254736 nan -11.0645275682169 0.06567833957063621
2.770851043611989 nan -11.160669805107045 0.17729997737499037
2.8162403531320432 nan -11.396642764305646 0.15354628686123706
2.875060320608638 nan -11.49564583844303 0.15035017639579715
2.919069242513915 nan -11.32764061659267 0.2017336647441279
2.9777226357846285 nan -11.698470823174622 0.1728445658293513
3.018043878971616 nan -11.756147490717204 0.2088382706082427
3.0746240119758514 nan -11.582015213827443 0.1778835748795058
3.1238384129879773 nan -11.73223561376913 0.14944199615132148
3.167316398465344 nan -11.70151600170083 0.14209794795931707
3.219412550151427 nan -11.717118510838509 0.17820136369546752
3.262450129751768 nan -11.702537544214731 0.16103337638680118
3.3200844162804923 nan -11.875157834959266 0.28510132538818217
3.3811141071924258 nan -12.350369299511168 0.19422238820087834
3.4199548002068045 nan -11.956139399878062 0.19422241485455818
3.483586350658486 nan -12.106799070431235 0.19422239329822524
3.5287940632250265 nan -11.939311943995408 0.21321302799455918
3.5774908640295546 nan -12.094025002630486 0.11408263332074287
3.622459057125136 nan -11.964604248188653 0.0482677467242116
3.6646410136144976 nan -11.973486372122645 0.10580798586131068
3.7226329741991204 nan -11.907071486209293 0.10334379030215288
3.7700636311529276 nan -12.029759558914378 0.06188359324305041
3.8208570193585754 nan -12.002608279025743 0.1056082552333337
3.8732881131567733 nan -11.946962585900696 0.11326965564815593
3.9232430545453116 nan -11.934575957216481 0.10839181929418398
3.973987280281639 nan -11.919239935925198 0.07501178024208159
4.021919781323215 nan -11.883739529632555 0.10646321140066697
4.077003385911704 nan -12.009833783970134 0.14102405961018513
4.131116343315588 nan -11.938165820425176 0.16279931218496008
4.179924358153569 nan -11.857696343387573 0.1621335594981905
4.225308316576884 nan -11.84791253315983 0.14668195270340142
4.2688181941622485 nan -11.856181767878 0.23639305030186486
4.317226404538411 nan -11.827897860762276 0.19489528881304086
4.415306308885173 nan -11.389574959637702 0.21121011880233082
4.521082590869936 nan -11.437509344492408 0.5396835459465517
4.634073059791765 nan -11.580782081119937 1.120420975263213
4.6734128142768565 nan -11.042521057991156 0.6461493447836861
