2.5221300317000725 0.0 -12.228922940185951 0.04204355612880531
2.5674425759343507 0.0 -12.28752182601805 0.03736778029957036
2.6082750248643376 0.0 -12.259369351697474 0.030050219240315063
2.645411519057909 0.0 -12.33346404071955 0.03053731915185042
2.679447597749864 0.0 -12.287489349247165 0.02790048714796879
2.7108480450404215 0.0 -12.308476908613411 0.028349142562983456
2.7399819252549062 0.0 -12.325635410956496 0.030526848911784928
2.7671467084757886 0.0 -12.269412553391469 0.028532742565313966
2.804547815645194 0.0 -12.30242583109554 0.028590770347360628
2.8390781584996354 0.0 -12.315253155658223 0.027670052698338637
2.870584531836876 0.0 -12.327365189001847 0.027955710013661192
2.9000340547536254 0.0 -12.409017179549474 0.031093418595093448
2.927270852685084 0.0 -12.389608266849647 0.030373045630964227
2.961085551757471 0.0 -12.368655145917778 0.030335372989569426
2.9858974728201524 0.0 -12.32711464737958 0.02721960299502628
3.0112207061529404 0.0 -12.354944495985254 0.028583596059781037
3.0428878779258 0.0 -12.3652160939527 0.029742402149186838
3.072818101976843 0.0 -12.412041697653425 0.03244880293704467
3.102092810734526 0.0 -12.41396934049285 0.03380866810515186
3.13545429092483 0.0 -12.432936352697451 0.03891915263087277
3.165723691300151 0.0 -12.426574446469772 0.03930822714049559
3.19691761118461 0.0 -12.437577302226064 0.04045875580399143
3.2263903412546355 0.0 -12.41975460228621 0.04204242122233516
3.2541640964461997 0.0 -12.363168611792576 0.040289716923949885
3.2892801644701457 0.0 -12.35468587835375 0.046549913037231716
3.319807246009521 0.0 -12.390624111248268 0.056192679737666416
3.347904952237922 0.0 -12.436210076375565 0.06851752434989286
3.3775231425243213 0.0 -12.289851100234923 0.062118106488512945
3.409096557406912 0.0 -12.363722465326507 0.0773693562276498
3.436560585136235 0.0 -12.308015771993315 0.07550480321507344
3.4659198496320656 0.0 -12.277199563771351 0.08037066508680255
3.4974254840854186 0.0 -12.294282202187532 0.08554502940860415
3.526334912576907 0.0 -12.251671364623228 0.07374490765049854
3.555392412560245 0.0 -12.251503467505833 0.08203580956259052
3.587832708952945 0.0 -12.269432509940529 0.11009056524444548
3.619349904798206 0.0 -12.309966761872237 0.0692846348218353
3.647851952463022 0.0 -12.123594553760505 0.05732910943416309
3.67714618320527 0.0 -12.239486644688212 0.07688208362013323
3.707022278678732 0.0 -12.234578630347684 0.09162303628902485
3.7367903818701116 0.0 -12.179791428340245 0.17948852398182086
3.7664085206704887 0.0 -12.088282036526186 0.09670439922696591
3.7944837026279323 0.0 -12.129053429252776 0.2088147360433854
3.8255840079571932 0.0 -12.131010587584164 0.17593608712813527
3.856038932050837 0.0 -12.280905806996559 0.18865004747645836
3.8864088587039447 0.0 -12.25101445083293 0.13113618169975835
3.915659236842814 0.0 -12.204352170193479 0.18214551396369152
3.949014576536506 0.0 -12.05600581455407 0.19761728500405185
3.976509919706551 0.0 -12.12482592060549 0.32941866134500686
4.006568637627183 0.0 -12.107204648832742 0.30020823708418715
0.35856650905189213 0.0 -10.773558337617542 0.3498375587421978
0.44015382486539445 0.0 -10.958925178442517 0.2836614416542969
0.5568078960692076 0.0 -11.012376881482739 0.31834458266788696
