-5.457626789662447 0.0 -14.570376897417313 0.01
-5.257626789662448 0.0 -14.33115059701796 0.031889183909554926
-5.057626789662448 0.0 -13.446086495181913 0.1022805573610972
-4.957626789662449 0.0 -13.936291440608583 0.0019387287898166604
-4.757626789662449 0.0 -13.744727494896694 0.16507224795888412
-4.65762678966245 0.0 -13.637517525248825 0.0019691805795398498
2.5221300317000725 0.0 -12.123156545113451 0.04204355536941762
2.5674425759343507 0.0 -12.190532345416326 0.0373677776417231
2.6082750248643376 0.0 -12.172530098816393 0.030050220766884957
2.645411519057909 0.0 -12.256718330626382 0.03053731756503396
2.679447597749864 0.0 -12.218923726607755 0.0279004868282204
2.7108480450404215 0.0 -12.24436887145255 0.028349139526100933
2.7399819252549062 0.0 -12.262608393488877 0.03052684843054763
2.7671467084757886 0.0 -12.208517407073147 0.028532741363630775
2.804547815645194 0.0 -12.249461077030677 0.028590769807160347
2.8390781584996354 0.0 -12.269379971337766 0.027670053634712196
2.870584531836876 0.0 -12.287116096969271 0.02795571051676684
2.9000340547536254 0.0 -12.374486701642814 0.031093418263041205
2.927270852685084 0.0 -12.359185011860191 0.030373045904906828
2.961085551757471 0.0 -12.342045393719648 0.030335371633032827
2.9858974728201524 0.0 -12.303656993734833 0.02721960452835766
3.0112207061529404 0.0 -12.334689797521271 0.028583595478064754
3.0428878779258 0.0 -12.348451933076133 0.02974240273650788
3.072818101976843 0.0 -12.398049718270402 0.03244880255436343
3.102092810734526 0.0 -12.402175314653256 0.03380866993342701
3.13545429092483 0.0 -12.423640435625217 0.038919153606676964
3.165723691300151 0.0 -12.418243671070066 0.03930822560871475
3.19691761118461 0.0 -12.430709814450408 0.04045875583854327
3.2263903412546355 0.0 -12.414021335364401 0.04204242048217171
3.2541640964461997 0.0 -12.358316366432048 0.04028971327728163
3.2892801644701457 0.0 -12.350281280949005 0.04654991442319659
3.319807246009521 0.0 -12.38719733834663 0.05619268124414981
3.347904952237922 0.0 -12.433193971125664 0.06851752349745308
3.3775231425243213 0.0 -12.28761138704447 0.06211810473704163
3.409096557406912 0.0 -12.361584740982948 0.07736935903513671
3.436560585136235 0.0 -12.30640718602487 0.07550480120623705
3.4659198496320656 0.0 -12.275714948185904 0.08037571789131431
3.4974254840854186 0.0 -12.293190302313231 0.08555339583298965
3.526334912576907 0.0 -12.250761560704213 0.07374490620015851
3.555392412560245 0.0 -12.250674546048694 0.08206148647884334
3.587832708952945 0.0 -12.268772615165183 0.11011284953744588
3.619349904798206 0.0 -12.309458184596973 0.06929552635070756
3.647851952463022 0.0 -12.123156151978737 0.057326532475290085
3.67714618320527 0.0 -12.23911023513148 0.07686210080209396
3.707022278678732 0.0 -12.234283447848016 0.09161262067703158
3.7367903818701116 0.0 -12.179567382925228 0.17948089158355024
3.7664085206704887 0.0 -12.088075142905163 0.09669935680960853
3.7944837026279323 0.0 -12.128886817144283 0.2088142178983757
3.8255840079571932 0.0 -12.130865150763631 0.17593361798317284
3.856038932050837 0.0 -12.28070219714548 0.18866255024281975
3.8864088587039447 0.0 -12.250819944474198 0.13113802404048933
3.915659236842814 0.0 -12.204169834165809 0.18214088807855408
3.949014576536506 0.0 -12.055861314890691 0.19761416089346634
3.976509919706551 0.0 -12.124713119370817 0.3294214004966324
0.7670304777119876 0.0 -11.253740850677435 0.0172241140336652
0.35856650905189213 0.0 -10.773558337617542 0.3498375587421978
0.44015382486539445 0.0 -10.958925178442517 0.2836614416542969
0.5568078960692076 0.0 -11.012376881482739 0.31834458266788696
