-5.457626789662447 0.0 -14.570376897417313 0.01
-5.257626789662448 0.0 -14.33115059701796 0.031889183909554926
-5.057626789662448 0.0 -13.446086495181913 0.1022805573610972
-4.957626789662449 0.0 -13.936291440608583 0.0019387287898166604
-4.757626789662449 0.0 -13.744727494896694 0.16507224795888412
-4.65762678966245 0.0 -13.637517525248825 0.0019691805795398498
-4.55762678966245 0.0 -13.522083337168798 0.009106531711231467
-4.45762678966245 0.0 -13.185259772860952 0.31154604453110957
-4.357626789662451 0.0 -13.39577394691553 0.01
-4.257626789662451 0.0 -12.934607038438008 0.17741528802624226
-3.957626789662452 0.0 -12.490542085434601 0.01988764611772493
-3.757626789662453 0.0 -12.257360838836217 0.10325229214609966
-3.557626789662453 0.0 -12.035104718016449 0.00928930023313601
-3.457626789662454 0.0 -11.913426634379425 0.03901650943406956
-3.2576267896624547 0.0 -11.790270571983795 0.029656870583774787
-3.0576267896624554 0.0 -11.627972207342594 0.03163406330466284
-2.857626789662456 0.0 -11.298622006368722 0.04150333559038084
-1.2576267896624616 0.0 -10.555097160728273 0.0005301030234399207
-1.0576267896624623 0.0 -10.577525068068729 0.006862430878252303
-0.6576267896624637 0.0 -10.317295486639583 0.1126746547276235
-0.45762678966246445 0.0 -10.296342408625545 0.10970105535426627
-0.2576267896624651 0.0 -10.998333067020951 0.27581207660412277
-0.15762678966246552 0.0 -11.004367358985712 0.28190762271600994
-0.057626789662465816 0.0 -11.012642140016947 0.2524106594078106
0.04237321033753385 0.0 -10.433409323744499 0.24942311423253855
0.14237321033753345 0.0 -10.588178343564913 0.23527286574572973
0.24237321033753315 0.0 -10.730020323354676 0.1907832938364415
0.34237321033753276 0.0 -10.547722766873648 0.3416266465516466
0.4423732103375324 0.0 -10.649418112753528 0.3316112334575539
0.542373210337532 0.0 -10.549043045222428 0.25510775660667073
0.6423732103375317 0.0 -10.218164298960502 0.04789250781668564
0.7423732103375313 0.0 -10.557060508628407 0.3364766075754728
0.842373210337531 0.0 -11.380624886984783 0.05765692999231582
8.242373210337504 0.0 -11.147715238770074 0.09296492466680892
8.742373210337504 0.0 -11.213951681886284 0.1524083142990685
8.9423732103375 0.0 -11.211640694435616 0.10726396961756428
9.242373210337501 0.0 -11.306176356592527 0.13630960457030977
9.742373210337497 0.0 -11.393178113983302 0.14298204410767656
10.742373210337497 0.0 -11.45043276685446 0.09399095127868913
10.942373210337493 0.0 -11.593442788743827 0.15425705379142324
11.442373210337493 0.0 -11.788799337999743 0.30229438204173953
