-2.505957672113592 -10.748313121831508 0.051231276576297224
-2.0059576721135937 -10.629690504741301 0.0
-1.7059576721135947 -10.925147559455077 0.0006945208476079046
-1.3059576721135961 -10.460431092786092 0.21129556271970398
-1.2059576721135965 -10.406614233956361 0.05767148050002961
-1.0059576721135972 -10.326886895761767 0.10085804389402203
-0.9059576721135976 -10.326260473950093 0.10599149316702787
-0.8059576721135979 -10.478291350864488 0.008491049067571588
-0.7059576721135983 -10.421360790031928 0.1
-0.6059576721135986 -10.064273080763865 0.17094901413310176
-0.505957672113599 -10.069158358980658 0.15223679527488218
-0.3059576721135997 -10.205578641432478 0.0018529867563817973
-0.20595767211360005 -10.211874579180655 0.002306746637543652
-0.005957672113600765 -10.189768002348016 0.002761999782711759
0.09404232788639888 -10.598599459218455 0.0
0.19404232788639852 -10.388348099158188 0.1870987230619418
0.29404232788639817 -10.118022231648142 0.18087956281593057
0.3940423278863978 -10.050045989767554 0.19140674374063785
0.49404232788639746 -10.201971206595926 0.2043197333808136
0.5940423278863971 -10.163316273628077 0.2202060106953841
0.6940423278863967 -10.227935131148236 0.23729303991602124
0.894042327886396 -10.461124777474405 0.08871099895995405
0.9940423278863957 -10.518063605153102 0.037891598928821324
2.3940423278863907 -11.089122648121027 0.2305334064436849
2.59404232788639 -11.511519791573727 0.2493326387251459
2.6940423278863896 -11.51306923068649 0.2327078076328012
2.7940423278863893 -11.376734114229045 0.2874743713981423
2.894042327886389 -11.60858848961439 0.2011165051257039
2.9940423278863886 -11.39934958431057 0.2503412958386933
3.094042327886388 -11.562833757119765 0.2783036115091863
3.194042327886388 -11.335367424859072 0.0019441209074311458
3.2940423278863875 -11.505898777170344 0.1977646482162052
3.394042327886387 -11.781674603390329 0.23499159166839548
3.494042327886387 -11.772138994044987 0.16154103077371146
3.5940423278863864 -11.609985966767987 0.19416923325129515
3.694042327886386 -11.761001001384566 0.1341285803531622
3.7940423278863857 -11.6674201648943 0.23268689356513805
3.994042327886385 -11.54608567876215 0.23479231252791258
4.394042327886384 -11.348947201731146 0.08400289375137415
4.494042327886383 -10.99774752007946 0.23822253425369577
4.594042327886383 -11.208176066181572 0.0516294139325544
4.794042327886382 -11.120164671263147 0.06112733921525281
7.994042327886371 -10.410150889742786 0.21167538113028475
8.29404232788637 -10.467123810816513 0.25643118024425526
8.594042327886369 -9.979431565198638 0.05747929924054769
8.694042327886368 -10.479516467259208 0.09492881485287388
8.994042327886367 -10.466443999041635 0.28543226022988816
9.294042327886368 -10.48472239623204 0.08330625690345742
9.694042327886367 -10.523806229844066 0.09901130262371206
10.69404232788636 -10.822376938368645 0.20036696189593395
10.894042327886362 -11.002203108655888 0.06385605137759735
11.19404232788636 -10.470569645633015 0.23087936552717195
11.494042327886357 -11.172941761012208 0.49536781341816116
11.794042327886357 -11.320299619128036 0.3587492155550382
11.994042327886357 -10.965291348658932 5.306796309519424e-10