-5.821166882640884 -14.729261051628415 0.020318946062690912
-5.521166882640885 -14.345005713383305 0.0
-5.3211668826408856 -14.124267546729433 0.09584168278570059
-5.221166882640886 -14.103749437538362 0.0017825254505420517
-5.121166882640886 -13.949852341979696 0.16162699324897548
-5.021166882640887 -13.869666231504993 0.0
-4.921166882640887 -13.771599641296996 0.0013384755936284923
-4.721166882640888 -13.544241796895863 0.1377517116889659
-4.621166882640888 -13.209011524911183 0.1
-4.521166882640888 -13.239978251343283 0.12293348929104608
-4.421166882640889 -13.124707174628991 0.00972301078887877
-4.321166882640889 -13.123551213121658 0.1
-4.2211668826408895 -13.046724740449275 0.03222848581514221
-4.12116688264089 -12.987162775294827 0.03293845336046515
-4.02116688264089 -12.806875401645538 1.7763568394002505e-15
-3.821166882640891 -12.664658273330463 0.04185727440269548
-3.4211668826408923 -12.381723362665554 0.01787010861012117
-3.3211668826408927 -12.265056791094704 0.02325909332289599
-3.1211668826408934 -12.13172595702431 0.015011768768805434
-1.3211668826408998 -11.041311913896086 0.036940991167922606
-1.0211668826409008 -11.047052652328325 0.018160745291449152
-0.6211668826409023 -10.845484734207604 0.03892248506367104
-0.5211668826409026 -10.807683495297264 0.04153375510151998
-0.3211668826409033 -10.460447192117725 0.02343999574800673
-0.22116688264090367 -10.48044762792984 0.023429596967426674
-0.12116688264090403 -10.480093289283262 0.001134710486908953
-0.021166882640904383 -10.502310310478975 0.019385874598916046
0.07883311735909526 -10.82290834977418 0.15959581935443706
0.1788331173590949 -10.910271466925265 0.11738451179459795
0.27883311735909455 -10.74926293209621 0.14488368115675337
0.3788331173590942 -10.721694075243942 0.19892285997164438
0.47883311735909384 -10.721246399047171 0.04786661944206682
0.5788331173590935 -10.655607726314889 0.0
0.6788331173590931 -11.070798781449183 0.2989357934708873
0.7788331173590928 -10.783637584360367 0.0868336417808564
0.8788331173590924 -11.533030822329152 0.19426342980025516
2.678833117359086 -12.11710564390698 0.045207231926892404
2.978833117359085 -12.226023501382233 0.5091895598550593
3.0788331173590846 -12.217434220342366 0.046195869576213446
3.1788331173590842 -12.227670957283602 0.029438359595776408
3.278833117359084 -12.256435363984064 0.4066177661952473
3.578833117359083 -12.41362425297497 0.1786522178072602
8.278833117359067 -11.012883653266938 0.010692595882914619
8.678833117359066 -11.027399163602356 0.0565293859262347
8.978833117359063 -11.04574406173267 0.15859794293997231
9.278833117359063 -11.098307429835682 0.06021778276244749
9.678833117359062 -11.069000058043848 0.13150588099647398
10.678833117359058 -11.367057055562372 0.16667905765447497
10.878833117359054 -11.39242703627527 0.1203044278323984
