-3.4211668826408923 -12.381723362665554 0.01787010861012117
-3.3211668826408927 -12.265056791094704 0.02325909332289599
-3.1211668826408934 -12.13172595702431 0.015011768768805434
-1.3211668826408998 -11.041311913896086 0.036940991167922606
-1.0211668826409008 -11.047052652328325 0.018160745291449152
-0.6211668826409023 -10.845484734207604 0.03892248506367104
-0.5211668826409026 -10.807683495297264 0.04153375510151998
-0.3211668826409033 -10.460447192117725 0.02343999574800673
-0.22116688264090367 -10.48044762792984 0.023429596967426674
-0.12116688264090403 -10.480093289283262 0.001134710486908953
-0.021166882640904383 -10.502310310478975 0.019385874598916046
0.07883311735909526 -10.82290834977418 0.15959581935443706
0.1788331173590949 -10.910271466925265 0.11738451179459795
0.27883311735909455 -10.74926293209621 0.14488368115675337
0.3788331173590942 -10.721694075243942 0.19892285997164438
0.47883311735909384 -10.721246399047171 0.04786661944206682
0.5788331173590935 -10.655607726314889 0.05
0.6788331173590931 -11.070798781449183 0.2989357934708873
0.7788331173590928 -10.783637584360367 0.0868336417808564
8.278833117359067 -11.012883653266938 0.010692595882914619
8.678833117359066 -11.027399163602356 0.0565293859262347
8.978833117359063 -11.04574406173267 0.15859794293997231
9.278833117359063 -11.098307429835682 0.06021778276244749
9.678833117359062 -11.069000058043848 0.13150588099647398
10.678833117359058 -11.367057055562372 0.16667905765447497
10.878833117359054 -11.39242703627527 0.1203044278323984
2.52118834845 -10.7219906045 0.221746455981
2.5910636543 -11.0465643734 0.164147894969
2.63335002121 -11.101956209 0.21210108494
2.67199856697 -11.1639752448 0.191079637816
2.72419756925 -11.0645275682 0.0656783395706
2.77085104361 -11.1606698051 0.177299977375
2.81624035313 -11.3966427643 0.153546286861
2.87506032061 -11.4956458384 0.150350176396
2.91906924251 -11.3276406166 0.201733664744
2.97772263578 -11.6984708232 0.172844565829
3.01804387897 -11.7561474907 0.208838270608
3.07462401198 -11.5820152138 0.17788357488
3.12383841299 -11.7322356138 0.149441996151
3.16731639847 -11.7015160017 0.142097947959
3.21941255015 -11.7171185108 0.178201363695
3.26245012975 -11.7025375442 0.161033376387
3.32008441628 -11.875157835 0.285101325388
3.38111410719 -12.3503692995 0.194222388201
3.41995480021 -11.9561393999 0.194222414855
3.48358635066 -12.1067990704 0.194222393298
3.52879406323 -11.939311944 0.213213027995
3.57749086403 -12.0940250026 0.114082633321
3.62245905713 -11.9646042482 0.0482677467242
3.66464101361 -11.9734863721 0.105807985861
3.7226329742 -11.9070714862 0.103343790302
3.77006363115 -12.0297595589 0.0618835932431
3.82085701936 -12.002608279 0.105608255233
3.87328811316 -11.9469625859 0.113269655648
3.92324305455 -11.9345759572 0.108391819294
3.97398728028 -11.9192399359 0.0750117802421
4.02191978132 -11.8837395296 0.106463211401
4.07700338591 -12.009833784 0.14102405961
4.13111634332 -11.9381658204 0.162799312185
4.17992435815 -11.8576963434 0.162133559498
4.22530831658 -11.8479125332 0.146681952703
4.26881819416 -11.8561817679 0.236393050302
4.31722640454 -11.8278978608 0.194895288813